#  E (eV)   dosup(E)     dosdw(E)   Int dos(E) EFermi =   14.432  14.432 eV
   5.000  0.0000E+00  0.0000E+00  0.2000E+02
   5.010  0.0000E+00  0.0000E+00  0.2000E+02
   5.020  0.0000E+00  0.0000E+00  0.2000E+02
   5.030  0.0000E+00  0.0000E+00  0.2000E+02
   5.040  0.0000E+00  0.0000E+00  0.2000E+02
   5.050  0.0000E+00  0.0000E+00  0.2000E+02
   5.060  0.0000E+00  0.0000E+00  0.2000E+02
   5.070  0.0000E+00  0.0000E+00  0.2000E+02
   5.080  0.0000E+00  0.0000E+00  0.2000E+02
   5.090  0.0000E+00  0.0000E+00  0.2000E+02
   5.100  0.0000E+00  0.0000E+00  0.2000E+02
   5.110  0.0000E+00  0.0000E+00  0.2000E+02
   5.120  0.0000E+00  0.0000E+00  0.2000E+02
   5.130  0.0000E+00  0.0000E+00  0.2000E+02
   5.140  0.0000E+00  0.0000E+00  0.2000E+02
   5.150  0.0000E+00  0.0000E+00  0.2000E+02
   5.160  0.0000E+00  0.0000E+00  0.2000E+02
   5.170  0.0000E+00  0.0000E+00  0.2000E+02
   5.180  0.0000E+00  0.0000E+00  0.2000E+02
   5.190  0.0000E+00  0.0000E+00  0.2000E+02
   5.200  0.0000E+00  0.0000E+00  0.2000E+02
   5.210  0.0000E+00  0.0000E+00  0.2000E+02
   5.220  0.0000E+00  0.0000E+00  0.2000E+02
   5.230  0.0000E+00  0.0000E+00  0.2000E+02
   5.240  0.0000E+00  0.0000E+00  0.2000E+02
   5.250  0.0000E+00  0.0000E+00  0.2000E+02
   5.260  0.0000E+00  0.0000E+00  0.2000E+02
   5.270  0.0000E+00  0.0000E+00  0.2000E+02
   5.280  0.0000E+00  0.0000E+00  0.2000E+02
   5.290  0.0000E+00  0.0000E+00  0.2000E+02
   5.300  0.0000E+00  0.0000E+00  0.2000E+02
   5.310  0.0000E+00  0.0000E+00  0.2000E+02
   5.320  0.0000E+00  0.0000E+00  0.2000E+02
   5.330  0.0000E+00  0.0000E+00  0.2000E+02
   5.340  0.0000E+00  0.0000E+00  0.2000E+02
   5.350  0.0000E+00  0.0000E+00  0.2000E+02
   5.360  0.0000E+00  0.0000E+00  0.2000E+02
   5.370  0.0000E+00  0.0000E+00  0.2000E+02
   5.380  0.0000E+00  0.0000E+00  0.2000E+02
   5.390  0.0000E+00  0.0000E+00  0.2000E+02
   5.400  0.0000E+00  0.0000E+00  0.2000E+02
   5.410  0.0000E+00  0.0000E+00  0.2000E+02
   5.420  0.0000E+00  0.0000E+00  0.2000E+02
   5.430  0.0000E+00  0.0000E+00  0.2000E+02
   5.440  0.0000E+00  0.0000E+00  0.2000E+02
   5.450  0.0000E+00  0.0000E+00  0.2000E+02
   5.460  0.0000E+00  0.0000E+00  0.2000E+02
   5.470  0.0000E+00  0.0000E+00  0.2000E+02
   5.480  0.0000E+00  0.0000E+00  0.2000E+02
   5.490  0.0000E+00  0.0000E+00  0.2000E+02
   5.500  0.0000E+00  0.0000E+00  0.2000E+02
   5.510  0.0000E+00  0.0000E+00  0.2000E+02
   5.520  0.0000E+00  0.0000E+00  0.2000E+02
   5.530  0.0000E+00  0.0000E+00  0.2000E+02
   5.540  0.0000E+00  0.0000E+00  0.2000E+02
   5.550  0.0000E+00  0.0000E+00  0.2000E+02
   5.560  0.0000E+00  0.0000E+00  0.2000E+02
   5.570  0.0000E+00  0.0000E+00  0.2000E+02
   5.580  0.0000E+00  0.0000E+00  0.2000E+02
   5.590  0.0000E+00  0.0000E+00  0.2000E+02
   5.600  0.0000E+00  0.0000E+00  0.2000E+02
   5.610  0.0000E+00  0.0000E+00  0.2000E+02
   5.620  0.0000E+00  0.0000E+00  0.2000E+02
   5.630  0.0000E+00  0.0000E+00  0.2000E+02
   5.640  0.0000E+00  0.0000E+00  0.2000E+02
   5.650  0.0000E+00  0.0000E+00  0.2000E+02
   5.660  0.0000E+00  0.0000E+00  0.2000E+02
   5.670  0.0000E+00  0.0000E+00  0.2000E+02
   5.680  0.0000E+00  0.0000E+00  0.2000E+02
   5.690  0.0000E+00  0.0000E+00  0.2000E+02
   5.700  0.0000E+00  0.0000E+00  0.2000E+02
   5.710  0.0000E+00  0.0000E+00  0.2000E+02
   5.720  0.0000E+00  0.0000E+00  0.2000E+02
   5.730  0.0000E+00  0.0000E+00  0.2000E+02
   5.740  0.0000E+00  0.0000E+00  0.2000E+02
   5.750  0.0000E+00  0.0000E+00  0.2000E+02
   5.760  0.0000E+00  0.0000E+00  0.2000E+02
   5.770  0.0000E+00  0.0000E+00  0.2000E+02
   5.780  0.0000E+00  0.0000E+00  0.2000E+02
   5.790  0.0000E+00  0.0000E+00  0.2000E+02
   5.800  0.0000E+00  0.0000E+00  0.2000E+02
   5.810  0.0000E+00  0.0000E+00  0.2000E+02
   5.820  0.0000E+00  0.0000E+00  0.2000E+02
   5.830  0.0000E+00  0.0000E+00  0.2000E+02
   5.840  0.0000E+00  0.0000E+00  0.2000E+02
   5.850  0.0000E+00  0.0000E+00  0.2000E+02
   5.860  0.0000E+00  0.0000E+00  0.2000E+02
   5.870  0.0000E+00  0.0000E+00  0.2000E+02
   5.880  0.0000E+00  0.0000E+00  0.2000E+02
   5.890  0.0000E+00  0.0000E+00  0.2000E+02
   5.900  0.0000E+00  0.0000E+00  0.2000E+02
   5.910  0.0000E+00  0.0000E+00  0.2000E+02
   5.920  0.0000E+00  0.0000E+00  0.2000E+02
   5.930  0.0000E+00  0.0000E+00  0.2000E+02
   5.940  0.0000E+00  0.0000E+00  0.2000E+02
   5.950  0.0000E+00  0.0000E+00  0.2000E+02
   5.960  0.0000E+00  0.0000E+00  0.2000E+02
   5.970  0.0000E+00  0.0000E+00  0.2000E+02
   5.980  0.0000E+00  0.0000E+00  0.2000E+02
   5.990  0.0000E+00  0.0000E+00  0.2000E+02
   6.000  0.0000E+00  0.0000E+00  0.2000E+02
   6.010  0.0000E+00  0.0000E+00  0.2000E+02
   6.020  0.0000E+00  0.0000E+00  0.2000E+02
   6.030  0.0000E+00  0.0000E+00  0.2000E+02
   6.040  0.0000E+00  0.0000E+00  0.2000E+02
   6.050  0.0000E+00  0.0000E+00  0.2000E+02
   6.060  0.0000E+00  0.0000E+00  0.2000E+02
   6.070  0.0000E+00  0.0000E+00  0.2000E+02
   6.080  0.0000E+00  0.0000E+00  0.2000E+02
   6.090  0.0000E+00  0.0000E+00  0.2000E+02
   6.100  0.0000E+00  0.0000E+00  0.2000E+02
   6.110  0.0000E+00  0.0000E+00  0.2000E+02
   6.120  0.0000E+00  0.0000E+00  0.2000E+02
   6.130  0.8730E-04  0.8730E-04  0.2000E+02
   6.140  0.6865E-03  0.6865E-03  0.2000E+02
   6.150  0.1856E-02  0.1856E-02  0.2000E+02
   6.160  0.3595E-02  0.3595E-02  0.2000E+02
   6.170  0.6245E-02  0.6245E-02  0.2000E+02
   6.180  0.1030E-01  0.1030E-01  0.2000E+02
   6.190  0.1576E-01  0.1576E-01  0.2000E+02
   6.200  0.2301E-01  0.2301E-01  0.2000E+02
   6.210  0.3279E-01  0.3279E-01  0.2000E+02
   6.220  0.4513E-01  0.4513E-01  0.2000E+02
   6.230  0.6001E-01  0.6001E-01  0.2000E+02
   6.240  0.7744E-01  0.7744E-01  0.2000E+02
   6.250  0.1010E+00  0.1010E+00  0.2001E+02
   6.260  0.1375E+00  0.1375E+00  0.2001E+02
   6.270  0.1257E+00  0.1257E+00  0.2001E+02
   6.280  0.1424E+00  0.1424E+00  0.2001E+02
   6.290  0.1534E+00  0.1534E+00  0.2002E+02
   6.300  0.1655E+00  0.1655E+00  0.2002E+02
   6.310  0.1787E+00  0.1787E+00  0.2002E+02
   6.320  0.1930E+00  0.1930E+00  0.2003E+02
   6.330  0.2083E+00  0.2083E+00  0.2003E+02
   6.340  0.2572E+00  0.2572E+00  0.2004E+02
   6.350  0.2312E+00  0.2312E+00  0.2004E+02
   6.360  0.2393E+00  0.2393E+00  0.2005E+02
   6.370  0.2482E+00  0.2482E+00  0.2005E+02
   6.380  0.2579E+00  0.2579E+00  0.2006E+02
   6.390  0.2683E+00  0.2683E+00  0.2006E+02
   6.400  0.2735E+00  0.2735E+00  0.2007E+02
   6.410  0.2708E+00  0.2708E+00  0.2007E+02
   6.420  0.2724E+00  0.2724E+00  0.2008E+02
   6.430  0.2787E+00  0.2787E+00  0.2008E+02
   6.440  0.2866E+00  0.2866E+00  0.2009E+02
   6.450  0.3061E+00  0.3061E+00  0.2009E+02
   6.460  0.3422E+00  0.3422E+00  0.2010E+02
   6.470  0.3888E+00  0.3888E+00  0.2011E+02
   6.480  0.3537E+00  0.3537E+00  0.2012E+02
   6.490  0.3590E+00  0.3590E+00  0.2012E+02
   6.500  0.3656E+00  0.3656E+00  0.2013E+02
   6.510  0.3722E+00  0.3722E+00  0.2014E+02
   6.520  0.3791E+00  0.3791E+00  0.2014E+02
   6.530  0.3857E+00  0.3857E+00  0.2015E+02
   6.540  0.3925E+00  0.3925E+00  0.2016E+02
   6.550  0.3996E+00  0.3996E+00  0.2017E+02
   6.560  0.4070E+00  0.4070E+00  0.2018E+02
   6.570  0.4154E+00  0.4154E+00  0.2018E+02
   6.580  0.4248E+00  0.4248E+00  0.2019E+02
   6.590  0.4342E+00  0.4342E+00  0.2020E+02
   6.600  0.4441E+00  0.4441E+00  0.2021E+02
   6.610  0.4551E+00  0.4551E+00  0.2022E+02
   6.620  0.4671E+00  0.4671E+00  0.2023E+02
   6.630  0.4801E+00  0.4801E+00  0.2024E+02
   6.640  0.4942E+00  0.4942E+00  0.2025E+02
   6.650  0.5096E+00  0.5096E+00  0.2026E+02
   6.660  0.5266E+00  0.5266E+00  0.2027E+02
   6.670  0.5366E+00  0.5366E+00  0.2028E+02
   6.680  0.5410E+00  0.5410E+00  0.2029E+02
   6.690  0.5479E+00  0.5479E+00  0.2030E+02
   6.700  0.5564E+00  0.5564E+00  0.2031E+02
   6.710  0.5663E+00  0.5663E+00  0.2032E+02
   6.720  0.5771E+00  0.5771E+00  0.2033E+02
   6.730  0.5887E+00  0.5887E+00  0.2035E+02
   6.740  0.6011E+00  0.6011E+00  0.2036E+02
   6.750  0.6140E+00  0.6140E+00  0.2037E+02
   6.760  0.6271E+00  0.6271E+00  0.2038E+02
   6.770  0.6405E+00  0.6405E+00  0.2040E+02
   6.780  0.6544E+00  0.6544E+00  0.2041E+02
   6.790  0.6689E+00  0.6689E+00  0.2042E+02
   6.800  0.6838E+00  0.6838E+00  0.2044E+02
   6.810  0.6992E+00  0.6992E+00  0.2045E+02
   6.820  0.7153E+00  0.7153E+00  0.2046E+02
   6.830  0.7327E+00  0.7327E+00  0.2048E+02
   6.840  0.7517E+00  0.7517E+00  0.2049E+02
   6.850  0.7723E+00  0.7723E+00  0.2051E+02
   6.860  0.7944E+00  0.7944E+00  0.2052E+02
   6.870  0.8174E+00  0.8174E+00  0.2054E+02
   6.880  0.8418E+00  0.8418E+00  0.2056E+02
   6.890  0.8700E+00  0.8700E+00  0.2057E+02
   6.900  0.9005E+00  0.9005E+00  0.2059E+02
   6.910  0.9312E+00  0.9312E+00  0.2061E+02
   6.920  0.9366E+00  0.9366E+00  0.2063E+02
   6.930  0.9624E+00  0.9624E+00  0.2065E+02
   6.940  0.9892E+00  0.9892E+00  0.2067E+02
   6.950  0.1018E+01  0.1018E+01  0.2069E+02
   6.960  0.1048E+01  0.1048E+01  0.2071E+02
   6.970  0.1080E+01  0.1080E+01  0.2073E+02
   6.980  0.1114E+01  0.1114E+01  0.2075E+02
   6.990  0.1146E+01  0.1146E+01  0.2077E+02
   7.000  0.1179E+01  0.1179E+01  0.2080E+02
   7.010  0.1213E+01  0.1213E+01  0.2082E+02
   7.020  0.1248E+01  0.1248E+01  0.2084E+02
   7.030  0.1285E+01  0.1285E+01  0.2087E+02
   7.040  0.1323E+01  0.1323E+01  0.2090E+02
   7.050  0.1363E+01  0.1363E+01  0.2092E+02
   7.060  0.1407E+01  0.1407E+01  0.2095E+02
   7.070  0.1459E+01  0.1459E+01  0.2098E+02
   7.080  0.1536E+01  0.1536E+01  0.2101E+02
   7.090  0.1630E+01  0.1630E+01  0.2104E+02
   7.100  0.1700E+01  0.1700E+01  0.2107E+02
   7.110  0.1812E+01  0.1812E+01  0.2111E+02
   7.120  0.1856E+01  0.1856E+01  0.2115E+02
   7.130  0.1882E+01  0.1882E+01  0.2118E+02
   7.140  0.1882E+01  0.1882E+01  0.2122E+02
   7.150  0.1889E+01  0.1889E+01  0.2126E+02
   7.160  0.1891E+01  0.1891E+01  0.2130E+02
   7.170  0.1890E+01  0.1890E+01  0.2133E+02
   7.180  0.1886E+01  0.1886E+01  0.2137E+02
   7.190  0.1877E+01  0.1877E+01  0.2141E+02
   7.200  0.1863E+01  0.1863E+01  0.2145E+02
   7.210  0.1844E+01  0.1844E+01  0.2148E+02
   7.220  0.1807E+01  0.1807E+01  0.2152E+02
   7.230  0.1758E+01  0.1758E+01  0.2156E+02
   7.240  0.1705E+01  0.1705E+01  0.2159E+02
   7.250  0.1648E+01  0.1648E+01  0.2162E+02
   7.260  0.1581E+01  0.1581E+01  0.2166E+02
   7.270  0.1504E+01  0.1504E+01  0.2169E+02
   7.280  0.1418E+01  0.1418E+01  0.2172E+02
   7.290  0.1363E+01  0.1363E+01  0.2174E+02
   7.300  0.1330E+01  0.1330E+01  0.2177E+02
   7.310  0.1318E+01  0.1318E+01  0.2180E+02
   7.320  0.1338E+01  0.1338E+01  0.2182E+02
   7.330  0.1395E+01  0.1395E+01  0.2185E+02
   7.340  0.1495E+01  0.1495E+01  0.2188E+02
   7.350  0.1861E+01  0.1861E+01  0.2192E+02
   7.360  0.2095E+01  0.2095E+01  0.2195E+02
   7.370  0.2465E+01  0.2465E+01  0.2200E+02
   7.380  0.2627E+01  0.2627E+01  0.2205E+02
   7.390  0.2644E+01  0.2644E+01  0.2210E+02
   7.400  0.2607E+01  0.2607E+01  0.2216E+02
   7.410  0.2500E+01  0.2500E+01  0.2221E+02
   7.420  0.2373E+01  0.2373E+01  0.2226E+02
   7.430  0.2267E+01  0.2267E+01  0.2230E+02
   7.440  0.2246E+01  0.2246E+01  0.2235E+02
   7.450  0.2164E+01  0.2164E+01  0.2239E+02
   7.460  0.2077E+01  0.2077E+01  0.2243E+02
   7.470  0.1951E+01  0.1951E+01  0.2248E+02
   7.480  0.1884E+01  0.1884E+01  0.2251E+02
   7.490  0.1838E+01  0.1838E+01  0.2255E+02
   7.500  0.1813E+01  0.1813E+01  0.2259E+02
   7.510  0.1746E+01  0.1746E+01  0.2262E+02
   7.520  0.1700E+01  0.1700E+01  0.2266E+02
   7.530  0.1669E+01  0.1669E+01  0.2269E+02
   7.540  0.1650E+01  0.1650E+01  0.2272E+02
   7.550  0.1634E+01  0.1634E+01  0.2276E+02
   7.560  0.1619E+01  0.1619E+01  0.2279E+02
   7.570  0.1581E+01  0.1581E+01  0.2282E+02
   7.580  0.1522E+01  0.1522E+01  0.2285E+02
   7.590  0.1449E+01  0.1449E+01  0.2288E+02
   7.600  0.1384E+01  0.1384E+01  0.2291E+02
   7.610  0.1329E+01  0.1329E+01  0.2294E+02
   7.620  0.1286E+01  0.1286E+01  0.2296E+02
   7.630  0.1250E+01  0.1250E+01  0.2299E+02
   7.640  0.1219E+01  0.1219E+01  0.2301E+02
   7.650  0.1189E+01  0.1189E+01  0.2304E+02
   7.660  0.1161E+01  0.1161E+01  0.2306E+02
   7.670  0.1135E+01  0.1135E+01  0.2308E+02
   7.680  0.1109E+01  0.1109E+01  0.2311E+02
   7.690  0.1085E+01  0.1085E+01  0.2313E+02
   7.700  0.1061E+01  0.1061E+01  0.2315E+02
   7.710  0.1036E+01  0.1036E+01  0.2317E+02
   7.720  0.9992E+00  0.9992E+00  0.2319E+02
   7.730  0.9581E+00  0.9581E+00  0.2321E+02
   7.740  0.9230E+00  0.9230E+00  0.2323E+02
   7.750  0.8891E+00  0.8891E+00  0.2325E+02
   7.760  0.8567E+00  0.8567E+00  0.2327E+02
   7.770  0.8255E+00  0.8255E+00  0.2328E+02
   7.780  0.7982E+00  0.7982E+00  0.2330E+02
   7.790  0.7787E+00  0.7787E+00  0.2331E+02
   7.800  0.7670E+00  0.7670E+00  0.2333E+02
   7.810  0.7626E+00  0.7626E+00  0.2335E+02
   7.820  0.7323E+00  0.7323E+00  0.2336E+02
   7.830  0.7000E+00  0.7000E+00  0.2337E+02
   7.840  0.6758E+00  0.6758E+00  0.2339E+02
   7.850  0.6480E+00  0.6480E+00  0.2340E+02
   7.860  0.6185E+00  0.6185E+00  0.2341E+02
   7.870  0.5933E+00  0.5933E+00  0.2343E+02
   7.880  0.5723E+00  0.5723E+00  0.2344E+02
   7.890  0.5519E+00  0.5519E+00  0.2345E+02
   7.900  0.5294E+00  0.5294E+00  0.2346E+02
   7.910  0.5061E+00  0.5061E+00  0.2347E+02
   7.920  0.4840E+00  0.4840E+00  0.2348E+02
   7.930  0.4650E+00  0.4650E+00  0.2349E+02
   7.940  0.4468E+00  0.4468E+00  0.2350E+02
   7.950  0.4295E+00  0.4295E+00  0.2351E+02
   7.960  0.4131E+00  0.4131E+00  0.2352E+02
   7.970  0.3976E+00  0.3976E+00  0.2352E+02
   7.980  0.3830E+00  0.3830E+00  0.2353E+02
   7.990  0.3693E+00  0.3693E+00  0.2354E+02
   8.000  0.3566E+00  0.3566E+00  0.2355E+02
   8.010  0.3449E+00  0.3449E+00  0.2355E+02
   8.020  0.3348E+00  0.3348E+00  0.2356E+02
   8.030  0.3285E+00  0.3285E+00  0.2357E+02
   8.040  0.3254E+00  0.3254E+00  0.2357E+02
   8.050  0.3234E+00  0.3234E+00  0.2358E+02
   8.060  0.3256E+00  0.3256E+00  0.2359E+02
   8.070  0.3335E+00  0.3335E+00  0.2359E+02
   8.080  0.3407E+00  0.3407E+00  0.2360E+02
   8.090  0.3485E+00  0.3485E+00  0.2361E+02
   8.100  0.3585E+00  0.3585E+00  0.2361E+02
   8.110  0.3709E+00  0.3709E+00  0.2362E+02
   8.120  0.3864E+00  0.3864E+00  0.2363E+02
   8.130  0.4132E+00  0.4132E+00  0.2364E+02
   8.140  0.4518E+00  0.4518E+00  0.2365E+02
   8.150  0.5004E+00  0.5004E+00  0.2366E+02
   8.160  0.5575E+00  0.5575E+00  0.2367E+02
   8.170  0.6092E+00  0.6092E+00  0.2368E+02
   8.180  0.6606E+00  0.6606E+00  0.2369E+02
   8.190  0.7165E+00  0.7165E+00  0.2370E+02
   8.200  0.7858E+00  0.7858E+00  0.2372E+02
   8.210  0.8758E+00  0.8758E+00  0.2374E+02
   8.220  0.9509E+00  0.9509E+00  0.2375E+02
   8.230  0.1039E+01  0.1039E+01  0.2377E+02
   8.240  0.1123E+01  0.1123E+01  0.2380E+02
   8.250  0.1196E+01  0.1196E+01  0.2382E+02
   8.260  0.1262E+01  0.1262E+01  0.2384E+02
   8.270  0.1319E+01  0.1319E+01  0.2387E+02
   8.280  0.1345E+01  0.1345E+01  0.2390E+02
   8.290  0.1386E+01  0.1386E+01  0.2392E+02
   8.300  0.1421E+01  0.1421E+01  0.2395E+02
   8.310  0.1430E+01  0.1430E+01  0.2398E+02
   8.320  0.1445E+01  0.1445E+01  0.2401E+02
   8.330  0.1471E+01  0.1471E+01  0.2404E+02
   8.340  0.1457E+01  0.1457E+01  0.2407E+02
   8.350  0.1465E+01  0.1465E+01  0.2410E+02
   8.360  0.1495E+01  0.1495E+01  0.2413E+02
   8.370  0.1534E+01  0.1534E+01  0.2416E+02
   8.380  0.1581E+01  0.1581E+01  0.2419E+02
   8.390  0.1633E+01  0.1633E+01  0.2422E+02
   8.400  0.1687E+01  0.1687E+01  0.2425E+02
   8.410  0.1680E+01  0.1680E+01  0.2429E+02
   8.420  0.1649E+01  0.1649E+01  0.2432E+02
   8.430  0.1653E+01  0.1653E+01  0.2435E+02
   8.440  0.1649E+01  0.1649E+01  0.2438E+02
   8.450  0.1663E+01  0.1663E+01  0.2442E+02
   8.460  0.1698E+01  0.1698E+01  0.2445E+02
   8.470  0.1727E+01  0.1727E+01  0.2449E+02
   8.480  0.1752E+01  0.1752E+01  0.2452E+02
   8.490  0.1794E+01  0.1794E+01  0.2456E+02
   8.500  0.1768E+01  0.1768E+01  0.2459E+02
   8.510  0.1749E+01  0.1749E+01  0.2463E+02
   8.520  0.1740E+01  0.1740E+01  0.2466E+02
   8.530  0.1729E+01  0.1729E+01  0.2470E+02
   8.540  0.1730E+01  0.1730E+01  0.2473E+02
   8.550  0.1740E+01  0.1740E+01  0.2477E+02
   8.560  0.1754E+01  0.1754E+01  0.2480E+02
   8.570  0.1809E+01  0.1809E+01  0.2484E+02
   8.580  0.1811E+01  0.1811E+01  0.2487E+02
   8.590  0.1821E+01  0.1821E+01  0.2491E+02
   8.600  0.1841E+01  0.1841E+01  0.2495E+02
   8.610  0.1863E+01  0.1863E+01  0.2498E+02
   8.620  0.1886E+01  0.1886E+01  0.2502E+02
   8.630  0.1911E+01  0.1911E+01  0.2506E+02
   8.640  0.1944E+01  0.1944E+01  0.2510E+02
   8.650  0.2039E+01  0.2039E+01  0.2514E+02
   8.660  0.2068E+01  0.2068E+01  0.2518E+02
   8.670  0.2048E+01  0.2048E+01  0.2522E+02
   8.680  0.2017E+01  0.2017E+01  0.2526E+02
   8.690  0.2064E+01  0.2064E+01  0.2530E+02
   8.700  0.2126E+01  0.2126E+01  0.2534E+02
   8.710  0.2218E+01  0.2218E+01  0.2538E+02
   8.720  0.2260E+01  0.2260E+01  0.2543E+02
   8.730  0.2317E+01  0.2317E+01  0.2548E+02
   8.740  0.2374E+01  0.2374E+01  0.2552E+02
   8.750  0.2301E+01  0.2301E+01  0.2557E+02
   8.760  0.2342E+01  0.2342E+01  0.2562E+02
   8.770  0.2407E+01  0.2407E+01  0.2566E+02
   8.780  0.2484E+01  0.2484E+01  0.2571E+02
   8.790  0.2653E+01  0.2654E+01  0.2576E+02
   8.800  0.2892E+01  0.2892E+01  0.2582E+02
   8.810  0.3137E+01  0.3137E+01  0.2588E+02
   8.820  0.3484E+01  0.3485E+01  0.2595E+02
   8.830  0.3874E+01  0.3874E+01  0.2602E+02
   8.840  0.4090E+01  0.4090E+01  0.2610E+02
   8.850  0.4145E+01  0.4145E+01  0.2618E+02
   8.860  0.4518E+01  0.4518E+01  0.2627E+02
   8.870  0.5421E+01  0.5421E+01  0.2637E+02
   8.880  0.5941E+01  0.5941E+01  0.2648E+02
   8.890  0.5620E+01  0.5620E+01  0.2660E+02
   8.900  0.5339E+01  0.5339E+01  0.2671E+02
   8.910  0.4923E+01  0.4923E+01  0.2681E+02
   8.920  0.4635E+01  0.4635E+01  0.2691E+02
   8.930  0.4405E+01  0.4405E+01  0.2700E+02
   8.940  0.4284E+01  0.4284E+01  0.2708E+02
   8.950  0.4273E+01  0.4273E+01  0.2717E+02
   8.960  0.4360E+01  0.4360E+01  0.2726E+02
   8.970  0.4161E+01  0.4161E+01  0.2734E+02
   8.980  0.3933E+01  0.3933E+01  0.2742E+02
   8.990  0.3710E+01  0.3709E+01  0.2750E+02
   9.000  0.3559E+01  0.3559E+01  0.2757E+02
   9.010  0.3457E+01  0.3457E+01  0.2764E+02
   9.020  0.3372E+01  0.3372E+01  0.2771E+02
   9.030  0.3295E+01  0.3295E+01  0.2778E+02
   9.040  0.3200E+01  0.3200E+01  0.2784E+02
   9.050  0.3134E+01  0.3134E+01  0.2790E+02
   9.060  0.2936E+01  0.2936E+01  0.2797E+02
   9.070  0.2826E+01  0.2826E+01  0.2802E+02
   9.080  0.2737E+01  0.2737E+01  0.2808E+02
   9.090  0.2664E+01  0.2664E+01  0.2813E+02
   9.100  0.2598E+01  0.2598E+01  0.2819E+02
   9.110  0.2550E+01  0.2550E+01  0.2824E+02
   9.120  0.2501E+01  0.2501E+01  0.2829E+02
   9.130  0.2426E+01  0.2426E+01  0.2834E+02
   9.140  0.2378E+01  0.2378E+01  0.2839E+02
   9.150  0.2333E+01  0.2333E+01  0.2843E+02
   9.160  0.2292E+01  0.2292E+01  0.2848E+02
   9.170  0.2253E+01  0.2253E+01  0.2852E+02
   9.180  0.2210E+01  0.2210E+01  0.2857E+02
   9.190  0.2154E+01  0.2154E+01  0.2861E+02
   9.200  0.2098E+01  0.2098E+01  0.2865E+02
   9.210  0.2038E+01  0.2038E+01  0.2870E+02
   9.220  0.1960E+01  0.1960E+01  0.2874E+02
   9.230  0.1927E+01  0.1927E+01  0.2877E+02
   9.240  0.1901E+01  0.1901E+01  0.2881E+02
   9.250  0.1893E+01  0.1893E+01  0.2885E+02
   9.260  0.1881E+01  0.1881E+01  0.2889E+02
   9.270  0.1862E+01  0.1862E+01  0.2893E+02
   9.280  0.1803E+01  0.1803E+01  0.2896E+02
   9.290  0.1790E+01  0.1790E+01  0.2900E+02
   9.300  0.1779E+01  0.1779E+01  0.2903E+02
   9.310  0.1768E+01  0.1768E+01  0.2907E+02
   9.320  0.1761E+01  0.1761E+01  0.2910E+02
   9.330  0.1752E+01  0.1752E+01  0.2914E+02
   9.340  0.1751E+01  0.1751E+01  0.2918E+02
   9.350  0.1751E+01  0.1751E+01  0.2921E+02
   9.360  0.1752E+01  0.1752E+01  0.2925E+02
   9.370  0.1751E+01  0.1751E+01  0.2928E+02
   9.380  0.1748E+01  0.1748E+01  0.2932E+02
   9.390  0.1744E+01  0.1744E+01  0.2935E+02
   9.400  0.1740E+01  0.1740E+01  0.2938E+02
   9.410  0.1748E+01  0.1748E+01  0.2942E+02
   9.420  0.1756E+01  0.1756E+01  0.2945E+02
   9.430  0.1683E+01  0.1683E+01  0.2949E+02
   9.440  0.1685E+01  0.1685E+01  0.2952E+02
   9.450  0.1687E+01  0.1687E+01  0.2956E+02
   9.460  0.1685E+01  0.1685E+01  0.2959E+02
   9.470  0.1688E+01  0.1688E+01  0.2962E+02
   9.480  0.1695E+01  0.1695E+01  0.2966E+02
   9.490  0.1693E+01  0.1693E+01  0.2969E+02
   9.500  0.1692E+01  0.1692E+01  0.2973E+02
   9.510  0.1689E+01  0.1689E+01  0.2976E+02
   9.520  0.1684E+01  0.1684E+01  0.2979E+02
   9.530  0.1671E+01  0.1671E+01  0.2983E+02
   9.540  0.1656E+01  0.1656E+01  0.2986E+02
   9.550  0.1663E+01  0.1663E+01  0.2989E+02
   9.560  0.1669E+01  0.1669E+01  0.2993E+02
   9.570  0.1669E+01  0.1669E+01  0.2996E+02
   9.580  0.1668E+01  0.1668E+01  0.2999E+02
   9.590  0.1670E+01  0.1670E+01  0.3003E+02
   9.600  0.1678E+01  0.1678E+01  0.3006E+02
   9.610  0.1689E+01  0.1689E+01  0.3009E+02
   9.620  0.1698E+01  0.1698E+01  0.3013E+02
   9.630  0.1704E+01  0.1704E+01  0.3016E+02
   9.640  0.1707E+01  0.1707E+01  0.3020E+02
   9.650  0.1704E+01  0.1704E+01  0.3023E+02
   9.660  0.1728E+01  0.1728E+01  0.3026E+02
   9.670  0.1731E+01  0.1731E+01  0.3030E+02
   9.680  0.1739E+01  0.1739E+01  0.3033E+02
   9.690  0.1718E+01  0.1718E+01  0.3037E+02
   9.700  0.1710E+01  0.1710E+01  0.3040E+02
   9.710  0.1710E+01  0.1710E+01  0.3044E+02
   9.720  0.1710E+01  0.1710E+01  0.3047E+02
   9.730  0.1713E+01  0.1713E+01  0.3050E+02
   9.740  0.1722E+01  0.1722E+01  0.3054E+02
   9.750  0.1740E+01  0.1740E+01  0.3057E+02
   9.760  0.1737E+01  0.1737E+01  0.3061E+02
   9.770  0.1731E+01  0.1731E+01  0.3064E+02
   9.780  0.1722E+01  0.1722E+01  0.3068E+02
   9.790  0.1711E+01  0.1711E+01  0.3071E+02
   9.800  0.1695E+01  0.1695E+01  0.3075E+02
   9.810  0.1672E+01  0.1672E+01  0.3078E+02
   9.820  0.1645E+01  0.1645E+01  0.3081E+02
   9.830  0.1615E+01  0.1615E+01  0.3085E+02
   9.840  0.1605E+01  0.1605E+01  0.3088E+02
   9.850  0.1567E+01  0.1567E+01  0.3091E+02
   9.860  0.1535E+01  0.1535E+01  0.3094E+02
   9.870  0.1511E+01  0.1511E+01  0.3097E+02
   9.880  0.1485E+01  0.1485E+01  0.3100E+02
   9.890  0.1458E+01  0.1458E+01  0.3103E+02
   9.900  0.1431E+01  0.1431E+01  0.3106E+02
   9.910  0.1464E+01  0.1464E+01  0.3109E+02
   9.920  0.1379E+01  0.1379E+01  0.3112E+02
   9.930  0.1359E+01  0.1359E+01  0.3114E+02
   9.940  0.1339E+01  0.1339E+01  0.3117E+02
   9.950  0.1310E+01  0.1310E+01  0.3120E+02
   9.960  0.1293E+01  0.1293E+01  0.3122E+02
   9.970  0.1237E+01  0.1237E+01  0.3125E+02
   9.980  0.1187E+01  0.1187E+01  0.3127E+02
   9.990  0.1139E+01  0.1139E+01  0.3130E+02
  10.000  0.1091E+01  0.1091E+01  0.3132E+02
  10.010  0.1043E+01  0.1043E+01  0.3134E+02
  10.020  0.9944E+00  0.9944E+00  0.3136E+02
  10.030  0.9459E+00  0.9459E+00  0.3138E+02
  10.040  0.9033E+00  0.9033E+00  0.3140E+02
  10.050  0.8538E+00  0.8538E+00  0.3142E+02
  10.060  0.8188E+00  0.8188E+00  0.3143E+02
  10.070  0.7963E+00  0.7963E+00  0.3145E+02
  10.080  0.7785E+00  0.7785E+00  0.3146E+02
  10.090  0.7165E+00  0.7165E+00  0.3148E+02
  10.100  0.6852E+00  0.6852E+00  0.3149E+02
  10.110  0.6587E+00  0.6587E+00  0.3151E+02
  10.120  0.6376E+00  0.6376E+00  0.3152E+02
  10.130  0.6200E+00  0.6200E+00  0.3153E+02
  10.140  0.6037E+00  0.6037E+00  0.3154E+02
  10.150  0.5887E+00  0.5887E+00  0.3156E+02
  10.160  0.5750E+00  0.5750E+00  0.3157E+02
  10.170  0.5625E+00  0.5625E+00  0.3158E+02
  10.180  0.5501E+00  0.5501E+00  0.3159E+02
  10.190  0.5380E+00  0.5380E+00  0.3160E+02
  10.200  0.5264E+00  0.5264E+00  0.3161E+02
  10.210  0.5151E+00  0.5151E+00  0.3162E+02
  10.220  0.5043E+00  0.5043E+00  0.3163E+02
  10.230  0.4938E+00  0.4938E+00  0.3164E+02
  10.240  0.4837E+00  0.4837E+00  0.3165E+02
  10.250  0.4741E+00  0.4741E+00  0.3166E+02
  10.260  0.4652E+00  0.4652E+00  0.3167E+02
  10.270  0.4554E+00  0.4554E+00  0.3168E+02
  10.280  0.4451E+00  0.4451E+00  0.3169E+02
  10.290  0.4403E+00  0.4403E+00  0.3170E+02
  10.300  0.4392E+00  0.4392E+00  0.3171E+02
  10.310  0.4401E+00  0.4401E+00  0.3172E+02
  10.320  0.4386E+00  0.4386E+00  0.3172E+02
  10.330  0.4034E+00  0.4034E+00  0.3173E+02
  10.340  0.3917E+00  0.3917E+00  0.3174E+02
  10.350  0.3787E+00  0.3787E+00  0.3175E+02
  10.360  0.3680E+00  0.3680E+00  0.3176E+02
  10.370  0.3585E+00  0.3585E+00  0.3176E+02
  10.380  0.3492E+00  0.3492E+00  0.3177E+02
  10.390  0.3401E+00  0.3401E+00  0.3178E+02
  10.400  0.3314E+00  0.3314E+00  0.3178E+02
  10.410  0.3233E+00  0.3233E+00  0.3179E+02
  10.420  0.3153E+00  0.3153E+00  0.3180E+02
  10.430  0.3078E+00  0.3078E+00  0.3180E+02
  10.440  0.3009E+00  0.3009E+00  0.3181E+02
  10.450  0.2951E+00  0.2951E+00  0.3182E+02
  10.460  0.2887E+00  0.2887E+00  0.3182E+02
  10.470  0.2821E+00  0.2821E+00  0.3183E+02
  10.480  0.2758E+00  0.2758E+00  0.3183E+02
  10.490  0.2698E+00  0.2698E+00  0.3184E+02
  10.500  0.2641E+00  0.2641E+00  0.3184E+02
  10.510  0.2586E+00  0.2586E+00  0.3185E+02
  10.520  0.2535E+00  0.2535E+00  0.3185E+02
  10.530  0.2486E+00  0.2486E+00  0.3186E+02
  10.540  0.2440E+00  0.2440E+00  0.3186E+02
  10.550  0.2398E+00  0.2398E+00  0.3187E+02
  10.560  0.2358E+00  0.2358E+00  0.3187E+02
  10.570  0.2321E+00  0.2321E+00  0.3188E+02
  10.580  0.2287E+00  0.2287E+00  0.3188E+02
  10.590  0.2269E+00  0.2269E+00  0.3189E+02
  10.600  0.2125E+00  0.2125E+00  0.3189E+02
  10.610  0.2010E+00  0.2010E+00  0.3190E+02
  10.620  0.1965E+00  0.1965E+00  0.3190E+02
  10.630  0.1918E+00  0.1918E+00  0.3190E+02
  10.640  0.1867E+00  0.1867E+00  0.3191E+02
  10.650  0.1810E+00  0.1810E+00  0.3191E+02
  10.660  0.1749E+00  0.1749E+00  0.3191E+02
  10.670  0.1693E+00  0.1693E+00  0.3192E+02
  10.680  0.1653E+00  0.1653E+00  0.3192E+02
  10.690  0.1615E+00  0.1615E+00  0.3192E+02
  10.700  0.1579E+00  0.1579E+00  0.3193E+02
  10.710  0.1544E+00  0.1544E+00  0.3193E+02
  10.720  0.1511E+00  0.1511E+00  0.3193E+02
  10.730  0.1477E+00  0.1477E+00  0.3194E+02
  10.740  0.1443E+00  0.1443E+00  0.3194E+02
  10.750  0.1409E+00  0.1409E+00  0.3194E+02
  10.760  0.1375E+00  0.1375E+00  0.3195E+02
  10.770  0.1340E+00  0.1340E+00  0.3195E+02
  10.780  0.1305E+00  0.1305E+00  0.3195E+02
  10.790  0.1270E+00  0.1270E+00  0.3195E+02
  10.800  0.1229E+00  0.1229E+00  0.3196E+02
  10.810  0.1189E+00  0.1189E+00  0.3196E+02
  10.820  0.1150E+00  0.1150E+00  0.3196E+02
  10.830  0.1111E+00  0.1111E+00  0.3196E+02
  10.840  0.1072E+00  0.1072E+00  0.3196E+02
  10.850  0.1027E+00  0.1027E+00  0.3197E+02
  10.860  0.9784E-01  0.9784E-01  0.3197E+02
  10.870  0.9292E-01  0.9292E-01  0.3197E+02
  10.880  0.8867E-01  0.8867E-01  0.3197E+02
  10.890  0.8595E-01  0.8595E-01  0.3197E+02
  10.900  0.8389E-01  0.8389E-01  0.3198E+02
  10.910  0.8202E-01  0.8202E-01  0.3198E+02
  10.920  0.8043E-01  0.8043E-01  0.3198E+02
  10.930  0.7884E-01  0.7884E-01  0.3198E+02
  10.940  0.7672E-01  0.7672E-01  0.3198E+02
  10.950  0.7417E-01  0.7417E-01  0.3198E+02
  10.960  0.7118E-01  0.7118E-01  0.3199E+02
  10.970  0.6777E-01  0.6777E-01  0.3199E+02
  10.980  0.6393E-01  0.6393E-01  0.3199E+02
  10.990  0.5966E-01  0.5966E-01  0.3199E+02
  11.000  0.5496E-01  0.5496E-01  0.3199E+02
  11.010  0.4983E-01  0.4983E-01  0.3199E+02
  11.020  0.4434E-01  0.4434E-01  0.3199E+02
  11.030  0.3909E-01  0.3909E-01  0.3199E+02
  11.040  0.3613E-01  0.3613E-01  0.3199E+02
  11.050  0.3351E-01  0.3351E-01  0.3199E+02
  11.060  0.3118E-01  0.3118E-01  0.3200E+02
  11.070  0.2917E-01  0.2917E-01  0.3200E+02
  11.080  0.2797E-01  0.2797E-01  0.3200E+02
  11.090  0.2773E-01  0.2773E-01  0.3200E+02
  11.100  0.2845E-01  0.2845E-01  0.3200E+02
  11.110  0.3010E-01  0.3010E-01  0.3200E+02
  11.120  0.3268E-01  0.3268E-01  0.3200E+02
  11.130  0.3604E-01  0.3605E-01  0.3200E+02
  11.140  0.3982E-01  0.3982E-01  0.3200E+02
  11.150  0.4399E-01  0.4399E-01  0.3200E+02
  11.160  0.4854E-01  0.4854E-01  0.3200E+02
  11.170  0.5352E-01  0.5352E-01  0.3200E+02
  11.180  0.5947E-01  0.5948E-01  0.3200E+02
  11.190  0.6658E-01  0.6659E-01  0.3201E+02
  11.200  0.7484E-01  0.7485E-01  0.3201E+02
  11.210  0.8425E-01  0.8426E-01  0.3201E+02
  11.220  0.9481E-01  0.9482E-01  0.3201E+02
  11.230  0.1064E+00  0.1064E+00  0.3201E+02
  11.240  0.1189E+00  0.1189E+00  0.3201E+02
  11.250  0.1321E+00  0.1321E+00  0.3202E+02
  11.260  0.1455E+00  0.1455E+00  0.3202E+02
  11.270  0.1590E+00  0.1590E+00  0.3202E+02
  11.280  0.1732E+00  0.1732E+00  0.3203E+02
  11.290  0.1890E+00  0.1890E+00  0.3203E+02
  11.300  0.2053E+00  0.2054E+00  0.3203E+02
  11.310  0.2169E+00  0.2169E+00  0.3204E+02
  11.320  0.2284E+00  0.2284E+00  0.3204E+02
  11.330  0.2404E+00  0.2404E+00  0.3205E+02
  11.340  0.2551E+00  0.2551E+00  0.3205E+02
  11.350  0.2710E+00  0.2710E+00  0.3206E+02
  11.360  0.2903E+00  0.2903E+00  0.3206E+02
  11.370  0.3036E+00  0.3036E+00  0.3207E+02
  11.380  0.2967E+00  0.2967E+00  0.3208E+02
  11.390  0.3108E+00  0.3108E+00  0.3208E+02
  11.400  0.3251E+00  0.3251E+00  0.3209E+02
  11.410  0.3402E+00  0.3402E+00  0.3209E+02
  11.420  0.3573E+00  0.3573E+00  0.3210E+02
  11.430  0.3753E+00  0.3753E+00  0.3211E+02
  11.440  0.3946E+00  0.3946E+00  0.3212E+02
  11.450  0.4161E+00  0.4161E+00  0.3212E+02
  11.460  0.4354E+00  0.4354E+00  0.3213E+02
  11.470  0.4500E+00  0.4500E+00  0.3214E+02
  11.480  0.4635E+00  0.4635E+00  0.3215E+02
  11.490  0.4770E+00  0.4770E+00  0.3216E+02
  11.500  0.4918E+00  0.4918E+00  0.3217E+02
  11.510  0.5067E+00  0.5067E+00  0.3218E+02
  11.520  0.5272E+00  0.5273E+00  0.3219E+02
  11.530  0.5535E+00  0.5535E+00  0.3220E+02
  11.540  0.5823E+00  0.5823E+00  0.3221E+02
  11.550  0.6129E+00  0.6130E+00  0.3222E+02
  11.560  0.6455E+00  0.6455E+00  0.3224E+02
  11.570  0.6798E+00  0.6798E+00  0.3225E+02
  11.580  0.7160E+00  0.7161E+00  0.3226E+02
  11.590  0.7543E+00  0.7543E+00  0.3228E+02
  11.600  0.7550E+00  0.7550E+00  0.3229E+02
  11.610  0.7854E+00  0.7855E+00  0.3231E+02
  11.620  0.8164E+00  0.8164E+00  0.3233E+02
  11.630  0.8515E+00  0.8516E+00  0.3234E+02
  11.640  0.8960E+00  0.8960E+00  0.3236E+02
  11.650  0.9434E+00  0.9434E+00  0.3238E+02
  11.660  0.9953E+00  0.9953E+00  0.3240E+02
  11.670  0.1052E+01  0.1052E+01  0.3242E+02
  11.680  0.1114E+01  0.1114E+01  0.3244E+02
  11.690  0.1189E+01  0.1189E+01  0.3246E+02
  11.700  0.1275E+01  0.1275E+01  0.3249E+02
  11.710  0.1364E+01  0.1364E+01  0.3251E+02
  11.720  0.1455E+01  0.1455E+01  0.3254E+02
  11.730  0.1519E+01  0.1519E+01  0.3257E+02
  11.740  0.1613E+01  0.1613E+01  0.3260E+02
  11.750  0.1711E+01  0.1711E+01  0.3264E+02
  11.760  0.1809E+01  0.1810E+01  0.3267E+02
  11.770  0.1920E+01  0.1920E+01  0.3271E+02
  11.780  0.2043E+01  0.2043E+01  0.3275E+02
  11.790  0.2204E+01  0.2204E+01  0.3279E+02
  11.800  0.2343E+01  0.2343E+01  0.3284E+02
  11.810  0.2503E+01  0.2503E+01  0.3288E+02
  11.820  0.2644E+01  0.2644E+01  0.3294E+02
  11.830  0.2768E+01  0.2768E+01  0.3299E+02
  11.840  0.2889E+01  0.2889E+01  0.3305E+02
  11.850  0.2932E+01  0.2932E+01  0.3310E+02
  11.860  0.2829E+01  0.2829E+01  0.3316E+02
  11.870  0.2784E+01  0.2784E+01  0.3322E+02
  11.880  0.2481E+01  0.2481E+01  0.3327E+02
  11.890  0.2315E+01  0.2315E+01  0.3332E+02
  11.900  0.2244E+01  0.2244E+01  0.3337E+02
  11.910  0.2195E+01  0.2195E+01  0.3341E+02
  11.920  0.2183E+01  0.2183E+01  0.3345E+02
  11.930  0.2169E+01  0.2169E+01  0.3350E+02
  11.940  0.2010E+01  0.2010E+01  0.3354E+02
  11.950  0.1786E+01  0.1786E+01  0.3358E+02
  11.960  0.1715E+01  0.1715E+01  0.3361E+02
  11.970  0.1691E+01  0.1691E+01  0.3365E+02
  11.980  0.1682E+01  0.1682E+01  0.3368E+02
  11.990  0.1674E+01  0.1674E+01  0.3371E+02
  12.000  0.1667E+01  0.1667E+01  0.3375E+02
  12.010  0.1662E+01  0.1662E+01  0.3378E+02
  12.020  0.1659E+01  0.1659E+01  0.3381E+02
  12.030  0.1663E+01  0.1663E+01  0.3385E+02
  12.040  0.1688E+01  0.1688E+01  0.3388E+02
  12.050  0.1770E+01  0.1770E+01  0.3392E+02
  12.060  0.1801E+01  0.1801E+01  0.3395E+02
  12.070  0.1830E+01  0.1830E+01  0.3399E+02
  12.080  0.1887E+01  0.1887E+01  0.3402E+02
  12.090  0.1957E+01  0.1957E+01  0.3406E+02
  12.100  0.1950E+01  0.1950E+01  0.3410E+02
  12.110  0.1996E+01  0.1996E+01  0.3414E+02
  12.120  0.2047E+01  0.2047E+01  0.3418E+02
  12.130  0.2109E+01  0.2109E+01  0.3422E+02
  12.140  0.2162E+01  0.2162E+01  0.3427E+02
  12.150  0.2213E+01  0.2213E+01  0.3431E+02
  12.160  0.2269E+01  0.2269E+01  0.3436E+02
  12.170  0.2301E+01  0.2301E+01  0.3440E+02
  12.180  0.2312E+01  0.2312E+01  0.3445E+02
  12.190  0.2341E+01  0.2341E+01  0.3449E+02
  12.200  0.2425E+01  0.2425E+01  0.3454E+02
  12.210  0.2388E+01  0.2388E+01  0.3459E+02
  12.220  0.2365E+01  0.2365E+01  0.3464E+02
  12.230  0.2354E+01  0.2354E+01  0.3468E+02
  12.240  0.2360E+01  0.2360E+01  0.3473E+02
  12.250  0.2435E+01  0.2435E+01  0.3478E+02
  12.260  0.2618E+01  0.2618E+01  0.3483E+02
  12.270  0.2830E+01  0.2831E+01  0.3488E+02
  12.280  0.3181E+01  0.3181E+01  0.3494E+02
  12.290  0.3963E+01  0.3963E+01  0.3501E+02
  12.300  0.4923E+01  0.4923E+01  0.3510E+02
  12.310  0.5827E+01  0.5828E+01  0.3521E+02
  12.320  0.6795E+01  0.6796E+01  0.3534E+02
  12.330  0.7178E+01  0.7178E+01  0.3548E+02
  12.340  0.7786E+01  0.7786E+01  0.3562E+02
  12.350  0.7723E+01  0.7724E+01  0.3578E+02
  12.360  0.8296E+01  0.8295E+01  0.3594E+02
  12.370  0.6249E+01  0.6248E+01  0.3608E+02
  12.380  0.5116E+01  0.5115E+01  0.3620E+02
  12.390  0.3555E+01  0.3554E+01  0.3628E+02
  12.400  0.1995E+01  0.1995E+01  0.3634E+02
  12.410  0.2280E+01  0.2280E+01  0.3638E+02
  12.420  0.2958E+01  0.2958E+01  0.3643E+02
  12.430  0.4083E+01  0.4083E+01  0.3650E+02
  12.440  0.6084E+01  0.6085E+01  0.3660E+02
  12.450  0.7717E+01  0.7717E+01  0.3674E+02
  12.460  0.8708E+01  0.8708E+01  0.3691E+02
  12.470  0.8463E+01  0.8462E+01  0.3708E+02
  12.480  0.7218E+01  0.7217E+01  0.3724E+02
  12.490  0.6028E+01  0.6028E+01  0.3737E+02
  12.500  0.5324E+01  0.5324E+01  0.3748E+02
  12.510  0.4189E+01  0.4188E+01  0.3758E+02
  12.520  0.3467E+01  0.3467E+01  0.3765E+02
  12.530  0.3069E+01  0.3069E+01  0.3772E+02
  12.540  0.2632E+01  0.2632E+01  0.3778E+02
  12.550  0.2390E+01  0.2390E+01  0.3783E+02
  12.560  0.2290E+01  0.2290E+01  0.3787E+02
  12.570  0.2090E+01  0.2090E+01  0.3792E+02
  12.580  0.2012E+01  0.2012E+01  0.3796E+02
  12.590  0.1982E+01  0.1982E+01  0.3800E+02
  12.600  0.2109E+01  0.2109E+01  0.3804E+02
  12.610  0.2255E+01  0.2255E+01  0.3808E+02
  12.620  0.2149E+01  0.2149E+01  0.3813E+02
  12.630  0.2139E+01  0.2139E+01  0.3817E+02
  12.640  0.1997E+01  0.1997E+01  0.3821E+02
  12.650  0.1986E+01  0.1986E+01  0.3825E+02
  12.660  0.2128E+01  0.2128E+01  0.3829E+02
  12.670  0.2157E+01  0.2157E+01  0.3833E+02
  12.680  0.1794E+01  0.1794E+01  0.3837E+02
  12.690  0.1782E+01  0.1782E+01  0.3841E+02
  12.700  0.1801E+01  0.1801E+01  0.3844E+02
  12.710  0.1896E+01  0.1896E+01  0.3848E+02
  12.720  0.2047E+01  0.2047E+01  0.3852E+02
  12.730  0.2232E+01  0.2232E+01  0.3856E+02
  12.740  0.2429E+01  0.2429E+01  0.3861E+02
  12.750  0.2648E+01  0.2648E+01  0.3866E+02
  12.760  0.2923E+01  0.2923E+01  0.3872E+02
  12.770  0.3307E+01  0.3307E+01  0.3878E+02
  12.780  0.3842E+01  0.3842E+01  0.3885E+02
  12.790  0.3813E+01  0.3813E+01  0.3893E+02
  12.800  0.4201E+01  0.4201E+01  0.3901E+02
  12.810  0.4631E+01  0.4631E+01  0.3909E+02
  12.820  0.5643E+01  0.5643E+01  0.3919E+02
  12.830  0.6127E+01  0.6127E+01  0.3931E+02
  12.840  0.5956E+01  0.5956E+01  0.3943E+02
  12.850  0.6191E+01  0.6191E+01  0.3955E+02
  12.860  0.6199E+01  0.6199E+01  0.3968E+02
  12.870  0.6244E+01  0.6244E+01  0.3980E+02
  12.880  0.6696E+01  0.6697E+01  0.3993E+02
  12.890  0.6399E+01  0.6399E+01  0.4007E+02
  12.900  0.5118E+01  0.5118E+01  0.4018E+02
  12.910  0.3663E+01  0.3662E+01  0.4027E+02
  12.920  0.3271E+01  0.3272E+01  0.4034E+02
  12.930  0.3613E+01  0.3613E+01  0.4041E+02
  12.940  0.3751E+01  0.3751E+01  0.4048E+02
  12.950  0.4240E+01  0.4240E+01  0.4056E+02
  12.960  0.4499E+01  0.4499E+01  0.4064E+02
  12.970  0.4689E+01  0.4689E+01  0.4074E+02
  12.980  0.4877E+01  0.4877E+01  0.4083E+02
  12.990  0.5258E+01  0.5259E+01  0.4093E+02
  13.000  0.5432E+01  0.5432E+01  0.4104E+02
  13.010  0.5431E+01  0.5431E+01  0.4115E+02
  13.020  0.5265E+01  0.5265E+01  0.4126E+02
  13.030  0.5065E+01  0.5065E+01  0.4136E+02
  13.040  0.4538E+01  0.4538E+01  0.4146E+02
  13.050  0.3946E+01  0.3946E+01  0.4154E+02
  13.060  0.3444E+01  0.3444E+01  0.4162E+02
  13.070  0.3160E+01  0.3160E+01  0.4168E+02
  13.080  0.2646E+01  0.2646E+01  0.4174E+02
  13.090  0.2287E+01  0.2287E+01  0.4179E+02
  13.100  0.2082E+01  0.2082E+01  0.4183E+02
  13.110  0.1991E+01  0.1991E+01  0.4187E+02
  13.120  0.1923E+01  0.1923E+01  0.4191E+02
  13.130  0.1923E+01  0.1922E+01  0.4195E+02
  13.140  0.1866E+01  0.1866E+01  0.4199E+02
  13.150  0.1805E+01  0.1805E+01  0.4203E+02
  13.160  0.2065E+01  0.2065E+01  0.4206E+02
  13.170  0.2283E+01  0.2283E+01  0.4211E+02
  13.180  0.2618E+01  0.2618E+01  0.4216E+02
  13.190  0.2889E+01  0.2889E+01  0.4221E+02
  13.200  0.3086E+01  0.3086E+01  0.4227E+02
  13.210  0.3595E+01  0.3595E+01  0.4234E+02
  13.220  0.4378E+01  0.4378E+01  0.4241E+02
  13.230  0.4176E+01  0.4176E+01  0.4250E+02
  13.240  0.4123E+01  0.4123E+01  0.4258E+02
  13.250  0.4324E+01  0.4324E+01  0.4267E+02
  13.260  0.4406E+01  0.4406E+01  0.4276E+02
  13.270  0.3987E+01  0.3987E+01  0.4284E+02
  13.280  0.3981E+01  0.3981E+01  0.4292E+02
  13.290  0.4029E+01  0.4029E+01  0.4300E+02
  13.300  0.4162E+01  0.4162E+01  0.4308E+02
  13.310  0.3986E+01  0.3986E+01  0.4316E+02
  13.320  0.4160E+01  0.4160E+01  0.4324E+02
  13.330  0.4404E+01  0.4404E+01  0.4333E+02
  13.340  0.4517E+01  0.4517E+01  0.4342E+02
  13.350  0.4399E+01  0.4399E+01  0.4351E+02
  13.360  0.4131E+01  0.4130E+01  0.4359E+02
  13.370  0.3795E+01  0.3795E+01  0.4367E+02
  13.380  0.3617E+01  0.3617E+01  0.4375E+02
  13.390  0.3445E+01  0.3445E+01  0.4382E+02
  13.400  0.3316E+01  0.3316E+01  0.4389E+02
  13.410  0.3147E+01  0.3147E+01  0.4395E+02
  13.420  0.3039E+01  0.3039E+01  0.4401E+02
  13.430  0.3053E+01  0.3053E+01  0.4407E+02
  13.440  0.3134E+01  0.3134E+01  0.4414E+02
  13.450  0.3508E+01  0.3508E+01  0.4420E+02
  13.460  0.3772E+01  0.3772E+01  0.4428E+02
  13.470  0.3662E+01  0.3662E+01  0.4435E+02
  13.480  0.3815E+01  0.3815E+01  0.4442E+02
  13.490  0.4050E+01  0.4050E+01  0.4450E+02
  13.500  0.4373E+01  0.4373E+01  0.4459E+02
  13.510  0.4873E+01  0.4873E+01  0.4468E+02
  13.520  0.5304E+01  0.5304E+01  0.4478E+02
  13.530  0.5829E+01  0.5828E+01  0.4489E+02
  13.540  0.6495E+01  0.6494E+01  0.4501E+02
  13.550  0.7832E+01  0.7831E+01  0.4516E+02
  13.560  0.1014E+02  0.1014E+02  0.4533E+02
  13.570  0.1058E+02  0.1058E+02  0.4555E+02
  13.580  0.9976E+01  0.9976E+01  0.4577E+02
  13.590  0.8129E+01  0.8130E+01  0.4595E+02
  13.600  0.6440E+01  0.6441E+01  0.4609E+02
  13.610  0.4669E+01  0.4670E+01  0.4620E+02
  13.620  0.3639E+01  0.3639E+01  0.4628E+02
  13.630  0.4221E+01  0.4220E+01  0.4636E+02
  13.640  0.6021E+01  0.6020E+01  0.4646E+02
  13.650  0.8265E+01  0.8264E+01  0.4660E+02
  13.660  0.1170E+02  0.1170E+02  0.4680E+02
  13.670  0.1396E+02  0.1396E+02  0.4707E+02
  13.680  0.1213E+02  0.1213E+02  0.4732E+02
  13.690  0.1004E+02  0.1004E+02  0.4754E+02
  13.700  0.7902E+01  0.7902E+01  0.4772E+02
  13.710  0.5837E+01  0.5838E+01  0.4786E+02
  13.720  0.3097E+01  0.3098E+01  0.4795E+02
  13.730  0.8522E+00  0.8528E+00  0.4799E+02
  13.740  0.1340E+00  0.1340E+00  0.4800E+02
  13.750  0.5127E-01  0.5128E-01  0.4800E+02
  13.760  0.1137E-01  0.1137E-01  0.4800E+02
  13.770  0.2973E-03  0.2976E-03  0.4800E+02
  13.780  0.0000E+00  0.0000E+00  0.4800E+02
  13.790  0.0000E+00  0.0000E+00  0.4800E+02
  13.800  0.0000E+00  0.0000E+00  0.4800E+02
  13.810  0.0000E+00  0.0000E+00  0.4800E+02
  13.820  0.0000E+00  0.0000E+00  0.4800E+02
  13.830  0.0000E+00  0.0000E+00  0.4800E+02
  13.840  0.0000E+00  0.0000E+00  0.4800E+02
  13.850  0.0000E+00  0.0000E+00  0.4800E+02
  13.860  0.0000E+00  0.0000E+00  0.4800E+02
  13.870  0.0000E+00  0.0000E+00  0.4800E+02
  13.880  0.0000E+00  0.0000E+00  0.4800E+02
  13.890  0.0000E+00  0.0000E+00  0.4800E+02
  13.900  0.0000E+00  0.0000E+00  0.4800E+02
  13.910  0.0000E+00  0.0000E+00  0.4800E+02
  13.920  0.0000E+00  0.0000E+00  0.4800E+02
  13.930  0.0000E+00  0.0000E+00  0.4800E+02
  13.940  0.0000E+00  0.0000E+00  0.4800E+02
  13.950  0.0000E+00  0.0000E+00  0.4800E+02
  13.960  0.0000E+00  0.0000E+00  0.4800E+02
  13.970  0.0000E+00  0.0000E+00  0.4800E+02
  13.980  0.0000E+00  0.0000E+00  0.4800E+02
  13.990  0.0000E+00  0.0000E+00  0.4800E+02
  14.000  0.0000E+00  0.0000E+00  0.4800E+02
  14.010  0.0000E+00  0.0000E+00  0.4800E+02
  14.020  0.0000E+00  0.0000E+00  0.4800E+02
  14.030  0.0000E+00  0.0000E+00  0.4800E+02
  14.040  0.0000E+00  0.0000E+00  0.4800E+02
  14.050  0.0000E+00  0.0000E+00  0.4800E+02
  14.060  0.0000E+00  0.0000E+00  0.4800E+02
  14.070  0.0000E+00  0.0000E+00  0.4800E+02
  14.080  0.0000E+00  0.0000E+00  0.4800E+02
  14.090  0.0000E+00  0.0000E+00  0.4800E+02
  14.100  0.0000E+00  0.0000E+00  0.4800E+02
  14.110  0.0000E+00  0.0000E+00  0.4800E+02
  14.120  0.0000E+00  0.0000E+00  0.4800E+02
  14.130  0.0000E+00  0.0000E+00  0.4800E+02
  14.140  0.0000E+00  0.0000E+00  0.4800E+02
  14.150  0.0000E+00  0.0000E+00  0.4800E+02
  14.160  0.0000E+00  0.0000E+00  0.4800E+02
  14.170  0.0000E+00  0.0000E+00  0.4800E+02
  14.180  0.0000E+00  0.0000E+00  0.4800E+02
  14.190  0.0000E+00  0.0000E+00  0.4800E+02
  14.200  0.0000E+00  0.0000E+00  0.4800E+02
  14.210  0.0000E+00  0.0000E+00  0.4800E+02
  14.220  0.0000E+00  0.0000E+00  0.4800E+02
  14.230  0.0000E+00  0.0000E+00  0.4800E+02
  14.240  0.0000E+00  0.0000E+00  0.4800E+02
  14.250  0.0000E+00  0.0000E+00  0.4800E+02
  14.260  0.0000E+00  0.0000E+00  0.4800E+02
  14.270  0.0000E+00  0.0000E+00  0.4800E+02
  14.280  0.0000E+00  0.0000E+00  0.4800E+02
  14.290  0.0000E+00  0.0000E+00  0.4800E+02
  14.300  0.0000E+00  0.0000E+00  0.4800E+02
  14.310  0.0000E+00  0.0000E+00  0.4800E+02
  14.320  0.0000E+00  0.0000E+00  0.4800E+02
  14.330  0.0000E+00  0.0000E+00  0.4800E+02
  14.340  0.0000E+00  0.0000E+00  0.4800E+02
  14.350  0.0000E+00  0.0000E+00  0.4800E+02
  14.360  0.0000E+00  0.0000E+00  0.4800E+02
  14.370  0.0000E+00  0.0000E+00  0.4800E+02
  14.380  0.0000E+00  0.0000E+00  0.4800E+02
  14.390  0.0000E+00  0.0000E+00  0.4800E+02
  14.400  0.0000E+00  0.0000E+00  0.4800E+02
  14.410  0.0000E+00  0.0000E+00  0.4800E+02
  14.420  0.0000E+00  0.0000E+00  0.4800E+02
  14.430  0.0000E+00  0.0000E+00  0.4800E+02
  14.440  0.0000E+00  0.0000E+00  0.4800E+02
  14.450  0.0000E+00  0.0000E+00  0.4800E+02
  14.460  0.0000E+00  0.0000E+00  0.4800E+02
  14.470  0.0000E+00  0.0000E+00  0.4800E+02
  14.480  0.0000E+00  0.0000E+00  0.4800E+02
  14.490  0.0000E+00  0.0000E+00  0.4800E+02
  14.500  0.0000E+00  0.0000E+00  0.4800E+02
  14.510  0.0000E+00  0.0000E+00  0.4800E+02
  14.520  0.0000E+00  0.0000E+00  0.4800E+02
  14.530  0.0000E+00  0.0000E+00  0.4800E+02
  14.540  0.0000E+00  0.0000E+00  0.4800E+02
  14.550  0.0000E+00  0.0000E+00  0.4800E+02
  14.560  0.0000E+00  0.0000E+00  0.4800E+02
  14.570  0.3024E-03  0.3020E-03  0.4800E+02
  14.580  0.1810E-02  0.1809E-02  0.4800E+02
  14.590  0.4585E-02  0.4583E-02  0.4800E+02
  14.600  0.8625E-02  0.8623E-02  0.4800E+02
  14.610  0.1443E-01  0.1442E-01  0.4800E+02
  14.620  0.2403E-01  0.2402E-01  0.4800E+02
  14.630  0.3936E-01  0.3935E-01  0.4800E+02
  14.640  0.6044E-01  0.6043E-01  0.4800E+02
  14.650  0.8602E-01  0.8601E-01  0.4800E+02
  14.660  0.1156E+00  0.1156E+00  0.4801E+02
  14.670  0.1493E+00  0.1492E+00  0.4801E+02
  14.680  0.1869E+00  0.1869E+00  0.4801E+02
  14.690  0.2090E+00  0.2090E+00  0.4802E+02
  14.700  0.2208E+00  0.2208E+00  0.4802E+02
  14.710  0.2332E+00  0.2332E+00  0.4802E+02
  14.720  0.2480E+00  0.2479E+00  0.4803E+02
  14.730  0.2682E+00  0.2682E+00  0.4803E+02
  14.740  0.2965E+00  0.2965E+00  0.4804E+02
  14.750  0.3344E+00  0.3344E+00  0.4805E+02
  14.760  0.3893E+00  0.3893E+00  0.4805E+02
  14.770  0.4166E+00  0.4165E+00  0.4806E+02
  14.780  0.4505E+00  0.4505E+00  0.4807E+02
  14.790  0.4800E+00  0.4800E+00  0.4808E+02
  14.800  0.5058E+00  0.5057E+00  0.4809E+02
  14.810  0.5333E+00  0.5332E+00  0.4810E+02
  14.820  0.5620E+00  0.5620E+00  0.4811E+02
  14.830  0.5898E+00  0.5898E+00  0.4812E+02
  14.840  0.6213E+00  0.6213E+00  0.4813E+02
  14.850  0.6632E+00  0.6631E+00  0.4815E+02
  14.860  0.7158E+00  0.7158E+00  0.4816E+02
  14.870  0.8107E+00  0.8106E+00  0.4818E+02
  14.880  0.9653E+00  0.9652E+00  0.4819E+02
  14.890  0.1135E+01  0.1135E+01  0.4822E+02
  14.900  0.1256E+01  0.1256E+01  0.4824E+02
  14.910  0.1341E+01  0.1341E+01  0.4827E+02
  14.920  0.1461E+01  0.1461E+01  0.4829E+02
  14.930  0.1645E+01  0.1645E+01  0.4832E+02
  14.940  0.1793E+01  0.1793E+01  0.4836E+02
  14.950  0.1874E+01  0.1874E+01  0.4840E+02
  14.960  0.1924E+01  0.1924E+01  0.4843E+02
  14.970  0.2023E+01  0.2023E+01  0.4847E+02
  14.980  0.2136E+01  0.2136E+01  0.4851E+02
  14.990  0.2238E+01  0.2238E+01  0.4856E+02
  15.000  0.2431E+01  0.2431E+01  0.4860E+02
  15.010  0.2530E+01  0.2530E+01  0.4865E+02
  15.020  0.2643E+01  0.2643E+01  0.4871E+02
  15.030  0.2728E+01  0.2728E+01  0.4876E+02
  15.040  0.2898E+01  0.2898E+01  0.4882E+02
  15.050  0.2984E+01  0.2984E+01  0.4887E+02
  15.060  0.3083E+01  0.3083E+01  0.4894E+02
  15.070  0.3215E+01  0.3215E+01  0.4900E+02
  15.080  0.3221E+01  0.3221E+01  0.4906E+02
  15.090  0.3189E+01  0.3189E+01  0.4913E+02
  15.100  0.3118E+01  0.3118E+01  0.4919E+02
  15.110  0.3051E+01  0.3051E+01  0.4925E+02
  15.120  0.2955E+01  0.2955E+01  0.4931E+02
  15.130  0.2833E+01  0.2833E+01  0.4937E+02
  15.140  0.2777E+01  0.2777E+01  0.4943E+02
  15.150  0.2562E+01  0.2562E+01  0.4948E+02
  15.160  0.2110E+01  0.2110E+01  0.4953E+02
  15.170  0.1678E+01  0.1678E+01  0.4956E+02
  15.180  0.1447E+01  0.1447E+01  0.4959E+02
  15.190  0.1313E+01  0.1313E+01  0.4962E+02
  15.200  0.1252E+01  0.1252E+01  0.4965E+02
  15.210  0.1226E+01  0.1226E+01  0.4967E+02
  15.220  0.1249E+01  0.1249E+01  0.4970E+02
  15.230  0.1343E+01  0.1343E+01  0.4972E+02
  15.240  0.1521E+01  0.1521E+01  0.4975E+02
  15.250  0.1698E+01  0.1698E+01  0.4978E+02
  15.260  0.1872E+01  0.1872E+01  0.4982E+02
  15.270  0.2029E+01  0.2029E+01  0.4986E+02
  15.280  0.2199E+01  0.2199E+01  0.4990E+02
  15.290  0.2379E+01  0.2379E+01  0.4995E+02
  15.300  0.2567E+01  0.2566E+01  0.5000E+02
  15.310  0.2790E+01  0.2790E+01  0.5005E+02
  15.320  0.2966E+01  0.2966E+01  0.5011E+02
  15.330  0.3124E+01  0.3123E+01  0.5017E+02
  15.340  0.3265E+01  0.3265E+01  0.5023E+02
  15.350  0.3727E+01  0.3729E+01  0.5030E+02
  15.360  0.3320E+01  0.3320E+01  0.5037E+02
  15.370  0.3276E+01  0.3277E+01  0.5043E+02
  15.380  0.3234E+01  0.3234E+01  0.5050E+02
  15.390  0.3184E+01  0.3184E+01  0.5056E+02
  15.400  0.3134E+01  0.3134E+01  0.5062E+02
  15.410  0.3072E+01  0.3072E+01  0.5069E+02
  15.420  0.2997E+01  0.2997E+01  0.5075E+02
  15.430  0.2923E+01  0.2923E+01  0.5081E+02
  15.440  0.2850E+01  0.2850E+01  0.5086E+02
  15.450  0.2783E+01  0.2783E+01  0.5092E+02
  15.460  0.2738E+01  0.2738E+01  0.5098E+02
  15.470  0.2646E+01  0.2646E+01  0.5103E+02
  15.480  0.2566E+01  0.2566E+01  0.5108E+02
  15.490  0.2457E+01  0.2457E+01  0.5113E+02
  15.500  0.2384E+01  0.2384E+01  0.5118E+02
  15.510  0.2312E+01  0.2312E+01  0.5123E+02
  15.520  0.2265E+01  0.2265E+01  0.5127E+02
  15.530  0.2233E+01  0.2234E+01  0.5132E+02
  15.540  0.2191E+01  0.2191E+01  0.5136E+02
  15.550  0.2232E+01  0.2232E+01  0.5141E+02
  15.560  0.2170E+01  0.2170E+01  0.5145E+02
  15.570  0.2104E+01  0.2104E+01  0.5149E+02
  15.580  0.2034E+01  0.2034E+01  0.5153E+02
  15.590  0.1957E+01  0.1957E+01  0.5157E+02
  15.600  0.1866E+01  0.1866E+01  0.5161E+02
  15.610  0.1769E+01  0.1769E+01  0.5165E+02
  15.620  0.1693E+01  0.1693E+01  0.5168E+02
  15.630  0.1651E+01  0.1651E+01  0.5172E+02
  15.640  0.1587E+01  0.1587E+01  0.5175E+02
  15.650  0.1494E+01  0.1494E+01  0.5178E+02
  15.660  0.1417E+01  0.1417E+01  0.5181E+02
  15.670  0.1351E+01  0.1351E+01  0.5184E+02
  15.680  0.1246E+01  0.1246E+01  0.5186E+02
  15.690  0.1124E+01  0.1124E+01  0.5189E+02
  15.700  0.1001E+01  0.1001E+01  0.5191E+02
  15.710  0.8861E+00  0.8861E+00  0.5193E+02
  15.720  0.7696E+00  0.7696E+00  0.5194E+02
  15.730  0.6379E+00  0.6380E+00  0.5196E+02
  15.740  0.5165E+00  0.5165E+00  0.5197E+02
  15.750  0.4002E+00  0.4003E+00  0.5198E+02
  15.760  0.2986E+00  0.2986E+00  0.5199E+02
  15.770  0.2212E+00  0.2213E+00  0.5199E+02
  15.780  0.1567E+00  0.1567E+00  0.5199E+02
  15.790  0.1001E+00  0.1002E+00  0.5200E+02
  15.800  0.5876E-01  0.5877E-01  0.5200E+02
  15.810  0.2601E-01  0.2602E-01  0.5200E+02
  15.820  0.7879E-02  0.7881E-02  0.5200E+02
  15.830  0.2688E-02  0.2689E-02  0.5200E+02
  15.840  0.2229E-03  0.2233E-03  0.5200E+02
  15.850  0.2421E-06  0.2421E-06  0.5200E+02
  15.860  0.4111E-05  0.4111E-05  0.5200E+02
  15.870  0.1270E-04  0.1270E-04  0.5200E+02
  15.880  0.2600E-04  0.2600E-04  0.5200E+02
  15.890  0.4402E-04  0.4402E-04  0.5200E+02
  15.900  0.6675E-04  0.6675E-04  0.5200E+02
  15.910  0.9420E-04  0.9420E-04  0.5200E+02
  15.920  0.1264E-03  0.1264E-03  0.5200E+02
  15.930  0.1632E-03  0.1632E-03  0.5200E+02
  15.940  0.2048E-03  0.2048E-03  0.5200E+02
  15.950  0.2512E-03  0.2512E-03  0.5200E+02
  15.960  0.3022E-03  0.3022E-03  0.5200E+02
  15.970  0.3579E-03  0.3579E-03  0.5200E+02
  15.980  0.4184E-03  0.4184E-03  0.5200E+02
  15.990  0.4863E-03  0.4863E-03  0.5200E+02
  16.000  0.5708E-03  0.5708E-03  0.5200E+02
  16.010  0.6727E-03  0.6727E-03  0.5200E+02
  16.020  0.7920E-03  0.7920E-03  0.5200E+02
  16.030  0.9286E-03  0.9286E-03  0.5200E+02
  16.040  0.1083E-02  0.1083E-02  0.5200E+02
  16.050  0.1254E-02  0.1254E-02  0.5200E+02
  16.060  0.1443E-02  0.1443E-02  0.5200E+02
  16.070  0.1649E-02  0.1649E-02  0.5200E+02
  16.080  0.1872E-02  0.1872E-02  0.5200E+02
  16.090  0.2113E-02  0.2113E-02  0.5200E+02
  16.100  0.2371E-02  0.2371E-02  0.5200E+02
  16.110  0.2647E-02  0.2647E-02  0.5200E+02
  16.120  0.2940E-02  0.2940E-02  0.5200E+02
  16.130  0.3250E-02  0.3250E-02  0.5200E+02
  16.140  0.3578E-02  0.3578E-02  0.5200E+02
  16.150  0.3923E-02  0.3923E-02  0.5200E+02
  16.160  0.4285E-02  0.4285E-02  0.5200E+02
  16.170  0.4665E-02  0.4665E-02  0.5200E+02
  16.180  0.5062E-02  0.5062E-02  0.5200E+02
  16.190  0.5476E-02  0.5476E-02  0.5200E+02
  16.200  0.5908E-02  0.5908E-02  0.5200E+02
  16.210  0.6357E-02  0.6357E-02  0.5200E+02
  16.220  0.6824E-02  0.6824E-02  0.5200E+02
  16.230  0.7308E-02  0.7308E-02  0.5200E+02
  16.240  0.7809E-02  0.7809E-02  0.5200E+02
  16.250  0.8328E-02  0.8328E-02  0.5200E+02
  16.260  0.8864E-02  0.8864E-02  0.5200E+02
  16.270  0.9417E-02  0.9417E-02  0.5200E+02
  16.280  0.9988E-02  0.9988E-02  0.5200E+02
  16.290  0.1058E-01  0.1058E-01  0.5200E+02
  16.300  0.1118E-01  0.1118E-01  0.5200E+02
  16.310  0.1180E-01  0.1180E-01  0.5200E+02
  16.320  0.1244E-01  0.1244E-01  0.5200E+02
  16.330  0.1310E-01  0.1310E-01  0.5200E+02
  16.340  0.4254E-01  0.4254E-01  0.5200E+02
  16.350  0.1920E-01  0.1920E-01  0.5200E+02
  16.360  0.1175E-01  0.1175E-01  0.5201E+02
  16.370  0.1199E-01  0.1199E-01  0.5201E+02
  16.380  0.1226E-01  0.1226E-01  0.5201E+02
  16.390  0.1256E-01  0.1256E-01  0.5201E+02
  16.400  0.1289E-01  0.1289E-01  0.5201E+02
  16.410  0.1325E-01  0.1325E-01  0.5201E+02
  16.420  0.1363E-01  0.1363E-01  0.5201E+02
  16.430  0.1404E-01  0.1404E-01  0.5201E+02
  16.440  0.1448E-01  0.1448E-01  0.5201E+02
  16.450  0.1494E-01  0.1494E-01  0.5201E+02
  16.460  0.1544E-01  0.1544E-01  0.5201E+02
  16.470  0.1596E-01  0.1596E-01  0.5201E+02
  16.480  0.1651E-01  0.1651E-01  0.5201E+02
  16.490  0.1709E-01  0.1709E-01  0.5201E+02
  16.500  0.1769E-01  0.1769E-01  0.5201E+02
  16.510  0.1832E-01  0.1832E-01  0.5201E+02
  16.520  0.1898E-01  0.1898E-01  0.5201E+02
  16.530  0.1967E-01  0.1967E-01  0.5201E+02
  16.540  0.2039E-01  0.2039E-01  0.5201E+02
  16.550  0.2113E-01  0.2113E-01  0.5201E+02
  16.560  0.2190E-01  0.2190E-01  0.5201E+02
  16.570  0.2736E-01  0.2736E-01  0.5201E+02
  16.580  0.3175E-01  0.3175E-01  0.5201E+02
  16.590  0.3330E-01  0.3330E-01  0.5201E+02
  16.600  0.3201E-01  0.3201E-01  0.5201E+02
  16.610  0.2789E-01  0.2789E-01  0.5201E+02
  16.620  0.2201E-01  0.2201E-01  0.5201E+02
  16.630  0.2224E-01  0.2224E-01  0.5202E+02
  16.640  0.2247E-01  0.2247E-01  0.5202E+02
  16.650  0.2270E-01  0.2270E-01  0.5202E+02
  16.660  0.2294E-01  0.2294E-01  0.5202E+02
  16.670  0.2317E-01  0.2317E-01  0.5202E+02
  16.680  0.2341E-01  0.2341E-01  0.5202E+02
  16.690  0.2364E-01  0.2364E-01  0.5202E+02
  16.700  0.2388E-01  0.2388E-01  0.5202E+02
  16.710  0.2412E-01  0.2412E-01  0.5202E+02
  16.720  0.2436E-01  0.2436E-01  0.5202E+02
  16.730  0.2460E-01  0.2460E-01  0.5202E+02
  16.740  0.2484E-01  0.2484E-01  0.5202E+02
  16.750  0.2509E-01  0.2509E-01  0.5202E+02
  16.760  0.2533E-01  0.2533E-01  0.5202E+02
  16.770  0.2558E-01  0.2558E-01  0.5202E+02
  16.780  0.2582E-01  0.2582E-01  0.5202E+02
  16.790  0.2607E-01  0.2607E-01  0.5202E+02
  16.800  0.2632E-01  0.2632E-01  0.5202E+02
  16.810  0.2657E-01  0.2657E-01  0.5202E+02
  16.820  0.2682E-01  0.2682E-01  0.5202E+02
  16.830  0.2708E-01  0.2708E-01  0.5203E+02
  16.840  0.2733E-01  0.2733E-01  0.5203E+02
  16.850  0.2758E-01  0.2758E-01  0.5203E+02
  16.860  0.2784E-01  0.2784E-01  0.5203E+02
  16.870  0.2812E-01  0.2812E-01  0.5203E+02
  16.880  0.2847E-01  0.2847E-01  0.5203E+02
  16.890  0.2890E-01  0.2890E-01  0.5203E+02
  16.900  0.2941E-01  0.2941E-01  0.5203E+02
  16.910  0.3000E-01  0.3000E-01  0.5203E+02
  16.920  0.3068E-01  0.3068E-01  0.5203E+02
  16.930  0.3143E-01  0.3143E-01  0.5203E+02
  16.940  0.3226E-01  0.3226E-01  0.5203E+02
  16.950  0.3317E-01  0.3317E-01  0.5203E+02
  16.960  0.3416E-01  0.3416E-01  0.5203E+02
  16.970  0.3526E-01  0.3526E-01  0.5203E+02
  16.980  0.3889E-01  0.3889E-01  0.5203E+02
  16.990  0.4167E-01  0.4167E-01  0.5204E+02
  17.000  0.4358E-01  0.4358E-01  0.5204E+02
  17.010  0.4463E-01  0.4463E-01  0.5204E+02
  17.020  0.4482E-01  0.4482E-01  0.5204E+02
  17.030  0.4414E-01  0.4414E-01  0.5204E+02
  17.040  0.4261E-01  0.4261E-01  0.5204E+02
  17.050  0.4021E-01  0.4021E-01  0.5204E+02
  17.060  0.3752E-01  0.3752E-01  0.5204E+02
  17.070  0.3777E-01  0.3777E-01  0.5204E+02
  17.080  0.3803E-01  0.3803E-01  0.5204E+02
  17.090  0.3828E-01  0.3828E-01  0.5204E+02
  17.100  0.3854E-01  0.3854E-01  0.5204E+02
  17.110  0.3881E-01  0.3881E-01  0.5204E+02
  17.120  0.3907E-01  0.3907E-01  0.5205E+02
  17.130  0.3934E-01  0.3934E-01  0.5205E+02
  17.140  0.3961E-01  0.3961E-01  0.5205E+02
  17.150  0.3988E-01  0.3988E-01  0.5205E+02
  17.160  0.4015E-01  0.4015E-01  0.5205E+02
  17.170  0.4043E-01  0.4043E-01  0.5205E+02
  17.180  0.4067E-01  0.4067E-01  0.5205E+02
  17.190  0.4090E-01  0.4090E-01  0.5205E+02
  17.200  0.4114E-01  0.4114E-01  0.5205E+02
  17.210  0.4138E-01  0.4138E-01  0.5205E+02
  17.220  0.4163E-01  0.4163E-01  0.5205E+02
  17.230  0.4188E-01  0.4188E-01  0.5205E+02
  17.240  0.4213E-01  0.4213E-01  0.5206E+02
  17.250  0.4239E-01  0.4239E-01  0.5206E+02
  17.260  0.4266E-01  0.4266E-01  0.5206E+02
  17.270  0.4293E-01  0.4293E-01  0.5206E+02
  17.280  0.4320E-01  0.4320E-01  0.5206E+02
  17.290  0.4348E-01  0.4348E-01  0.5206E+02
  17.300  0.4376E-01  0.4376E-01  0.5206E+02
  17.310  0.4405E-01  0.4405E-01  0.5206E+02
  17.320  0.4434E-01  0.4434E-01  0.5206E+02
  17.330  0.4463E-01  0.4463E-01  0.5206E+02
  17.340  0.4493E-01  0.4493E-01  0.5206E+02
  17.350  0.4524E-01  0.4524E-01  0.5207E+02
  17.360  0.4555E-01  0.4555E-01  0.5207E+02
  17.370  0.4586E-01  0.4586E-01  0.5207E+02
  17.380  0.4618E-01  0.4618E-01  0.5207E+02
  17.390  0.4650E-01  0.4650E-01  0.5207E+02
  17.400  0.4682E-01  0.4682E-01  0.5207E+02
  17.410  0.4715E-01  0.4715E-01  0.5207E+02
  17.420  0.4748E-01  0.4748E-01  0.5207E+02
  17.430  0.4781E-01  0.4781E-01  0.5207E+02
  17.440  0.4815E-01  0.4815E-01  0.5207E+02
  17.450  0.4861E-01  0.4861E-01  0.5207E+02
  17.460  0.4940E-01  0.4940E-01  0.5208E+02
  17.470  0.5052E-01  0.5052E-01  0.5208E+02
  17.480  0.5208E-01  0.5208E-01  0.5208E+02
  17.490  0.5522E-01  0.5522E-01  0.5208E+02
  17.500  0.5783E-01  0.5783E-01  0.5208E+02
  17.510  0.5991E-01  0.5991E-01  0.5208E+02
  17.520  0.6147E-01  0.6147E-01  0.5208E+02
  17.530  0.6250E-01  0.6250E-01  0.5208E+02
  17.540  0.6301E-01  0.6301E-01  0.5208E+02
  17.550  0.6299E-01  0.6299E-01  0.5209E+02
  17.560  0.6244E-01  0.6244E-01  0.5209E+02
  17.570  0.6136E-01  0.6136E-01  0.5209E+02
  17.580  0.5976E-01  0.5976E-01  0.5209E+02
  17.590  0.5763E-01  0.5763E-01  0.5209E+02
  17.600  0.5758E-01  0.5758E-01  0.5209E+02
  17.610  0.5791E-01  0.5791E-01  0.5209E+02
  17.620  0.5824E-01  0.5824E-01  0.5209E+02
  17.630  0.5858E-01  0.5858E-01  0.5210E+02
  17.640  0.5892E-01  0.5892E-01  0.5210E+02
  17.650  0.5927E-01  0.5927E-01  0.5210E+02
  17.660  0.5962E-01  0.5962E-01  0.5210E+02
  17.670  0.5997E-01  0.5997E-01  0.5210E+02
  17.680  0.6033E-01  0.6033E-01  0.5210E+02
  17.690  0.6069E-01  0.6069E-01  0.5210E+02
  17.700  0.6106E-01  0.6106E-01  0.5210E+02
  17.710  0.6143E-01  0.6143E-01  0.5210E+02
  17.720  0.6181E-01  0.6181E-01  0.5211E+02
  17.730  0.6219E-01  0.6219E-01  0.5211E+02
  17.740  0.6258E-01  0.6258E-01  0.5211E+02
  17.750  0.6297E-01  0.6297E-01  0.5211E+02
  17.760  0.6336E-01  0.6336E-01  0.5211E+02
  17.770  0.6375E-01  0.6375E-01  0.5211E+02
  17.780  0.6415E-01  0.6415E-01  0.5211E+02
  17.790  0.6455E-01  0.6455E-01  0.5212E+02
  17.800  0.6495E-01  0.6495E-01  0.5212E+02
  17.810  0.6535E-01  0.6535E-01  0.5212E+02
  17.820  0.6576E-01  0.6576E-01  0.5212E+02
  17.830  0.6616E-01  0.6616E-01  0.5212E+02
  17.840  0.6657E-01  0.6657E-01  0.5212E+02
  17.850  0.6698E-01  0.6698E-01  0.5212E+02
  17.860  0.6740E-01  0.6740E-01  0.5212E+02
  17.870  0.6781E-01  0.6781E-01  0.5213E+02
  17.880  0.6823E-01  0.6823E-01  0.5213E+02
  17.890  0.6865E-01  0.6865E-01  0.5213E+02
  17.900  0.6907E-01  0.6907E-01  0.5213E+02
  17.910  0.6950E-01  0.6950E-01  0.5213E+02
  17.920  0.6987E-01  0.6987E-01  0.5213E+02
  17.930  0.7023E-01  0.7023E-01  0.5213E+02
  17.940  0.7060E-01  0.7060E-01  0.5214E+02
  17.950  0.7098E-01  0.7098E-01  0.5214E+02
  17.960  0.7135E-01  0.7135E-01  0.5214E+02
  17.970  0.7174E-01  0.7174E-01  0.5214E+02
  17.980  0.7212E-01  0.7212E-01  0.5214E+02
  17.990  0.7252E-01  0.7252E-01  0.5214E+02
  18.000  0.7291E-01  0.7291E-01  0.5214E+02
  18.010  0.7331E-01  0.7331E-01  0.5215E+02
  18.020  0.7372E-01  0.7372E-01  0.5215E+02
  18.030  0.7424E-01  0.7424E-01  0.5215E+02
  18.040  0.7716E-01  0.7716E-01  0.5215E+02
  18.050  0.8009E-01  0.8009E-01  0.5215E+02
  18.060  0.8258E-01  0.8258E-01  0.5215E+02
  18.070  0.8465E-01  0.8465E-01  0.5215E+02
  18.080  0.8628E-01  0.8628E-01  0.5216E+02
  18.090  0.8748E-01  0.8748E-01  0.5216E+02
  18.100  0.8825E-01  0.8825E-01  0.5216E+02
  18.110  0.8859E-01  0.8859E-01  0.5216E+02
  18.120  0.8850E-01  0.8850E-01  0.5216E+02
  18.130  0.8798E-01  0.8798E-01  0.5217E+02
  18.140  0.8702E-01  0.8702E-01  0.5217E+02
  18.150  0.8564E-01  0.8564E-01  0.5217E+02
  18.160  0.8428E-01  0.8428E-01  0.5217E+02
  18.170  0.8473E-01  0.8473E-01  0.5217E+02
  18.180  0.8519E-01  0.8519E-01  0.5217E+02
  18.190  0.8565E-01  0.8565E-01  0.5218E+02
  18.200  0.8613E-01  0.8613E-01  0.5218E+02
  18.210  0.8661E-01  0.8661E-01  0.5218E+02
  18.220  0.8710E-01  0.8710E-01  0.5218E+02
  18.230  0.8760E-01  0.8760E-01  0.5218E+02
  18.240  0.8810E-01  0.8810E-01  0.5218E+02
  18.250  0.8860E-01  0.8860E-01  0.5219E+02
  18.260  0.8911E-01  0.8911E-01  0.5219E+02
  18.270  0.8962E-01  0.8962E-01  0.5219E+02
  18.280  0.9013E-01  0.9013E-01  0.5219E+02
  18.290  0.9065E-01  0.9065E-01  0.5219E+02
  18.300  0.9117E-01  0.9117E-01  0.5219E+02
  18.310  0.9169E-01  0.9169E-01  0.5220E+02
  18.320  0.9221E-01  0.9221E-01  0.5220E+02
  18.330  0.9275E-01  0.9275E-01  0.5220E+02
  18.340  0.9329E-01  0.9329E-01  0.5220E+02
  18.350  0.9384E-01  0.9384E-01  0.5220E+02
  18.360  0.9440E-01  0.9440E-01  0.5221E+02
  18.370  0.9496E-01  0.9496E-01  0.5221E+02
  18.380  0.9553E-01  0.9553E-01  0.5221E+02
  18.390  0.9611E-01  0.9611E-01  0.5221E+02
  18.400  0.9670E-01  0.9670E-01  0.5221E+02
  18.410  0.9729E-01  0.9729E-01  0.5222E+02
  18.420  0.9781E-01  0.9781E-01  0.5222E+02
  18.430  0.9835E-01  0.9835E-01  0.5222E+02
  18.440  0.9888E-01  0.9888E-01  0.5222E+02
  18.450  0.9942E-01  0.9942E-01  0.5222E+02
  18.460  0.9997E-01  0.9997E-01  0.5223E+02
  18.470  0.1005E+00  0.1005E+00  0.5223E+02
  18.480  0.1011E+00  0.1011E+00  0.5223E+02
  18.490  0.1016E+00  0.1016E+00  0.5223E+02
  18.500  0.1022E+00  0.1022E+00  0.5223E+02
  18.510  0.1027E+00  0.1027E+00  0.5224E+02
  18.520  0.1033E+00  0.1033E+00  0.5224E+02
  18.530  0.1040E+00  0.1040E+00  0.5224E+02
  18.540  0.1048E+00  0.1048E+00  0.5224E+02
  18.550  0.1058E+00  0.1058E+00  0.5224E+02
  18.560  0.1069E+00  0.1069E+00  0.5225E+02
  18.570  0.1081E+00  0.1081E+00  0.5225E+02
  18.580  0.1094E+00  0.1094E+00  0.5225E+02
  18.590  0.1118E+00  0.1118E+00  0.5225E+02
  18.600  0.1144E+00  0.1144E+00  0.5225E+02
  18.610  0.1166E+00  0.1166E+00  0.5226E+02
  18.620  0.1185E+00  0.1185E+00  0.5226E+02
  18.630  0.1201E+00  0.1201E+00  0.5226E+02
  18.640  0.1213E+00  0.1213E+00  0.5226E+02
  18.650  0.1223E+00  0.1223E+00  0.5227E+02
  18.660  0.1229E+00  0.1229E+00  0.5227E+02
  18.670  0.1231E+00  0.1231E+00  0.5227E+02
  18.680  0.1231E+00  0.1231E+00  0.5227E+02
  18.690  0.1227E+00  0.1227E+00  0.5228E+02
  18.700  0.1220E+00  0.1220E+00  0.5228E+02
  18.710  0.1209E+00  0.1209E+00  0.5228E+02
  18.720  0.1213E+00  0.1213E+00  0.5228E+02
  18.730  0.1219E+00  0.1219E+00  0.5229E+02
  18.740  0.1224E+00  0.1224E+00  0.5229E+02
  18.750  0.1230E+00  0.1230E+00  0.5229E+02
  18.760  0.1236E+00  0.1236E+00  0.5229E+02
  18.770  0.1243E+00  0.1243E+00  0.5230E+02
  18.780  0.1249E+00  0.1249E+00  0.5230E+02
  18.790  0.1255E+00  0.1255E+00  0.5230E+02
  18.800  0.1262E+00  0.1262E+00  0.5230E+02
  18.810  0.1268E+00  0.1268E+00  0.5231E+02
  18.820  0.1275E+00  0.1275E+00  0.5231E+02
  18.830  0.1281E+00  0.1281E+00  0.5231E+02
  18.840  0.1288E+00  0.1288E+00  0.5231E+02
  18.850  0.1295E+00  0.1295E+00  0.5232E+02
  18.860  0.1302E+00  0.1302E+00  0.5232E+02
  18.870  0.1310E+00  0.1310E+00  0.5232E+02
  18.880  0.1317E+00  0.1317E+00  0.5232E+02
  18.890  0.1324E+00  0.1324E+00  0.5233E+02
  18.900  0.1332E+00  0.1332E+00  0.5233E+02
  18.910  0.1340E+00  0.1340E+00  0.5233E+02
  18.920  0.1347E+00  0.1347E+00  0.5233E+02
  18.930  0.1355E+00  0.1355E+00  0.5234E+02
  18.940  0.1363E+00  0.1363E+00  0.5234E+02
  18.950  0.1370E+00  0.1370E+00  0.5234E+02
  18.960  0.1378E+00  0.1378E+00  0.5235E+02
  18.970  0.1385E+00  0.1385E+00  0.5235E+02
  18.980  0.1393E+00  0.1393E+00  0.5235E+02
  18.990  0.1401E+00  0.1401E+00  0.5235E+02
  19.000  0.1409E+00  0.1409E+00  0.5236E+02
  19.010  0.1418E+00  0.1418E+00  0.5236E+02
  19.020  0.1426E+00  0.1426E+00  0.5236E+02
  19.030  0.1434E+00  0.1434E+00  0.5237E+02
  19.040  0.1443E+00  0.1443E+00  0.5237E+02
  19.050  0.1452E+00  0.1452E+00  0.5237E+02
  19.060  0.1461E+00  0.1461E+00  0.5237E+02
  19.070  0.1470E+00  0.1470E+00  0.5238E+02
  19.080  0.1482E+00  0.1482E+00  0.5238E+02
  19.090  0.1496E+00  0.1496E+00  0.5238E+02
  19.100  0.1513E+00  0.1513E+00  0.5239E+02
  19.110  0.1536E+00  0.1536E+00  0.5239E+02
  19.120  0.1570E+00  0.1570E+00  0.5239E+02
  19.130  0.1600E+00  0.1600E+00  0.5240E+02
  19.140  0.1625E+00  0.1625E+00  0.5240E+02
  19.150  0.1647E+00  0.1647E+00  0.5240E+02
  19.160  0.1664E+00  0.1664E+00  0.5241E+02
  19.170  0.1678E+00  0.1678E+00  0.5241E+02
  19.180  0.1687E+00  0.1687E+00  0.5241E+02
  19.190  0.1692E+00  0.1692E+00  0.5242E+02
  19.200  0.1693E+00  0.1693E+00  0.5242E+02
  19.210  0.1691E+00  0.1691E+00  0.5242E+02
  19.220  0.1684E+00  0.1684E+00  0.5243E+02
  19.230  0.1675E+00  0.1675E+00  0.5243E+02
  19.240  0.1685E+00  0.1685E+00  0.5243E+02
  19.250  0.1696E+00  0.1696E+00  0.5244E+02
  19.260  0.1706E+00  0.1706E+00  0.5244E+02
  19.270  0.1717E+00  0.1717E+00  0.5244E+02
  19.280  0.1728E+00  0.1728E+00  0.5245E+02
  19.290  0.1739E+00  0.1739E+00  0.5245E+02
  19.300  0.1750E+00  0.1750E+00  0.5245E+02
  19.310  0.1762E+00  0.1762E+00  0.5246E+02
  19.320  0.1773E+00  0.1773E+00  0.5246E+02
  19.330  0.1785E+00  0.1785E+00  0.5246E+02
  19.340  0.1797E+00  0.1797E+00  0.5247E+02
  19.350  0.1809E+00  0.1809E+00  0.5247E+02
  19.360  0.1821E+00  0.1821E+00  0.5247E+02
  19.370  0.1833E+00  0.1833E+00  0.5248E+02
  19.380  0.1846E+00  0.1846E+00  0.5248E+02
  19.390  0.1859E+00  0.1859E+00  0.5249E+02
  19.400  0.1872E+00  0.1872E+00  0.5249E+02
  19.410  0.1885E+00  0.1885E+00  0.5249E+02
  19.420  0.1898E+00  0.1898E+00  0.5250E+02
  19.430  0.1911E+00  0.1911E+00  0.5250E+02
  19.440  0.1925E+00  0.1925E+00  0.5250E+02
  19.450  0.1939E+00  0.1939E+00  0.5251E+02
  19.460  0.1954E+00  0.1954E+00  0.5251E+02
  19.470  0.1970E+00  0.1970E+00  0.5252E+02
  19.480  0.1986E+00  0.1986E+00  0.5252E+02
  19.490  0.2003E+00  0.2003E+00  0.5252E+02
  19.500  0.2020E+00  0.2020E+00  0.5253E+02
  19.510  0.2039E+00  0.2039E+00  0.5253E+02
  19.520  0.2058E+00  0.2058E+00  0.5254E+02
  19.530  0.2078E+00  0.2078E+00  0.5254E+02
  19.540  0.2099E+00  0.2099E+00  0.5254E+02
  19.550  0.2124E+00  0.2124E+00  0.5255E+02
  19.560  0.2167E+00  0.2167E+00  0.5255E+02
  19.570  0.2204E+00  0.2204E+00  0.5256E+02
  19.580  0.2236E+00  0.2236E+00  0.5256E+02
  19.590  0.2262E+00  0.2262E+00  0.5257E+02
  19.600  0.2284E+00  0.2284E+00  0.5257E+02
  19.610  0.2300E+00  0.2300E+00  0.5258E+02
  19.620  0.2312E+00  0.2312E+00  0.5258E+02
  19.630  0.2317E+00  0.2317E+00  0.5258E+02
  19.640  0.2318E+00  0.2318E+00  0.5259E+02
  19.650  0.2313E+00  0.2313E+00  0.5259E+02
  19.660  0.2326E+00  0.2326E+00  0.5260E+02
  19.670  0.2344E+00  0.2344E+00  0.5260E+02
  19.680  0.2363E+00  0.2363E+00  0.5261E+02
  19.690  0.2383E+00  0.2383E+00  0.5261E+02
  19.700  0.2402E+00  0.2402E+00  0.5262E+02
  19.710  0.2423E+00  0.2423E+00  0.5262E+02
  19.720  0.2444E+00  0.2444E+00  0.5263E+02
  19.730  0.2465E+00  0.2465E+00  0.5263E+02
  19.740  0.2487E+00  0.2487E+00  0.5264E+02
  19.750  0.2509E+00  0.2509E+00  0.5264E+02
  19.760  0.2532E+00  0.2532E+00  0.5265E+02
  19.770  0.2555E+00  0.2555E+00  0.5265E+02
  19.780  0.2579E+00  0.2579E+00  0.5266E+02
  19.790  0.2603E+00  0.2603E+00  0.5266E+02
  19.800  0.2627E+00  0.2627E+00  0.5267E+02
  19.810  0.2653E+00  0.2653E+00  0.5267E+02
  19.820  0.2681E+00  0.2681E+00  0.5268E+02
  19.830  0.2710E+00  0.2710E+00  0.5268E+02
  19.840  0.2741E+00  0.2741E+00  0.5269E+02
  19.850  0.2773E+00  0.2773E+00  0.5269E+02
  19.860  0.2808E+00  0.2808E+00  0.5270E+02
  19.870  0.2843E+00  0.2843E+00  0.5271E+02
  19.880  0.2881E+00  0.2881E+00  0.5271E+02
  19.890  0.2920E+00  0.2920E+00  0.5272E+02
  19.900  0.2990E+00  0.2990E+00  0.5272E+02
  19.910  0.3070E+00  0.3070E+00  0.5273E+02
  19.920  0.3147E+00  0.3147E+00  0.5274E+02
  19.930  0.3219E+00  0.3219E+00  0.5274E+02
  19.940  0.3281E+00  0.3281E+00  0.5275E+02
  19.950  0.3326E+00  0.3326E+00  0.5275E+02
  19.960  0.3354E+00  0.3354E+00  0.5276E+02
  19.970  0.3374E+00  0.3374E+00  0.5277E+02
  19.980  0.3407E+00  0.3407E+00  0.5278E+02
  19.990  0.3439E+00  0.3439E+00  0.5278E+02
  20.000  0.3472E+00  0.3472E+00  0.5279E+02
  20.010  0.3504E+00  0.3504E+00  0.5280E+02
  20.020  0.3537E+00  0.3537E+00  0.5280E+02
  20.030  0.3571E+00  0.3571E+00  0.5281E+02
  20.040  0.3604E+00  0.3604E+00  0.5282E+02
  20.050  0.3637E+00  0.3637E+00  0.5282E+02
  20.060  0.3671E+00  0.3671E+00  0.5283E+02
  20.070  0.3705E+00  0.3705E+00  0.5284E+02
  20.080  0.3739E+00  0.3739E+00  0.5285E+02
  20.090  0.3774E+00  0.3774E+00  0.5285E+02
  20.100  0.3809E+00  0.3809E+00  0.5286E+02
  20.110  0.3844E+00  0.3844E+00  0.5287E+02
  20.120  0.3881E+00  0.3881E+00  0.5288E+02
  20.130  0.3985E+00  0.3985E+00  0.5288E+02
  20.140  0.4036E+00  0.4036E+00  0.5289E+02
  20.150  0.4022E+00  0.4022E+00  0.5290E+02
  20.160  0.3943E+00  0.3943E+00  0.5291E+02
  20.170  0.3899E+00  0.3899E+00  0.5292E+02
  20.180  0.3900E+00  0.3900E+00  0.5292E+02
  20.190  0.3918E+00  0.3918E+00  0.5293E+02
  20.200  0.3935E+00  0.3935E+00  0.5294E+02
  20.210  0.3953E+00  0.3953E+00  0.5295E+02
  20.220  0.3971E+00  0.3971E+00  0.5296E+02
  20.230  0.3988E+00  0.3988E+00  0.5296E+02
  20.240  0.4006E+00  0.4006E+00  0.5297E+02
  20.250  0.4322E+00  0.4322E+00  0.5298E+02
  20.260  0.4102E+00  0.4102E+00  0.5299E+02
  20.270  0.4033E+00  0.4033E+00  0.5300E+02
  20.280  0.4052E+00  0.4052E+00  0.5300E+02
  20.290  0.4075E+00  0.4075E+00  0.5301E+02
  20.300  0.4081E+00  0.4081E+00  0.5302E+02
  20.310  0.4109E+00  0.4109E+00  0.5303E+02
  20.320  0.4138E+00  0.4138E+00  0.5304E+02
  20.330  0.4171E+00  0.4171E+00  0.5305E+02
  20.340  0.4205E+00  0.4205E+00  0.5306E+02
  20.350  0.4248E+00  0.4248E+00  0.5306E+02
  20.360  0.4280E+00  0.4280E+00  0.5307E+02
  20.370  0.4301E+00  0.4301E+00  0.5308E+02
  20.380  0.4315E+00  0.4315E+00  0.5309E+02
  20.390  0.4319E+00  0.4319E+00  0.5310E+02
  20.400  0.4314E+00  0.4314E+00  0.5311E+02
  20.410  0.4299E+00  0.4299E+00  0.5312E+02
  20.420  0.4274E+00  0.4274E+00  0.5312E+02
  20.430  0.4239E+00  0.4239E+00  0.5313E+02
  20.440  0.4208E+00  0.4208E+00  0.5314E+02
  20.450  0.4223E+00  0.4223E+00  0.5315E+02
  20.460  0.4239E+00  0.4239E+00  0.5316E+02
  20.470  0.4254E+00  0.4254E+00  0.5317E+02
  20.480  0.4269E+00  0.4269E+00  0.5317E+02
  20.490  0.4285E+00  0.4285E+00  0.5318E+02
  20.500  0.4301E+00  0.4301E+00  0.5319E+02
  20.510  0.4317E+00  0.4317E+00  0.5320E+02
  20.520  0.4334E+00  0.4334E+00  0.5321E+02
  20.530  0.4352E+00  0.4352E+00  0.5322E+02
  20.540  0.4371E+00  0.4371E+00  0.5323E+02
  20.550  0.4392E+00  0.4392E+00  0.5324E+02
  20.560  0.4414E+00  0.4414E+00  0.5324E+02
  20.570  0.4438E+00  0.4438E+00  0.5325E+02
  20.580  0.4463E+00  0.4463E+00  0.5326E+02
  20.590  0.4492E+00  0.4492E+00  0.5327E+02
  20.600  0.4526E+00  0.4526E+00  0.5328E+02
  20.610  0.4565E+00  0.4565E+00  0.5329E+02
  20.620  0.4609E+00  0.4609E+00  0.5330E+02
  20.630  0.4659E+00  0.4659E+00  0.5331E+02
  20.640  0.4714E+00  0.4714E+00  0.5332E+02
  20.650  0.4774E+00  0.4774E+00  0.5333E+02
  20.660  0.4840E+00  0.4840E+00  0.5334E+02
  20.670  0.4911E+00  0.4911E+00  0.5335E+02
  20.680  0.4986E+00  0.4986E+00  0.5336E+02
  20.690  0.5067E+00  0.5067E+00  0.5337E+02
  20.700  0.5156E+00  0.5156E+00  0.5338E+02
  20.710  0.5253E+00  0.5253E+00  0.5339E+02
  20.720  0.5442E+00  0.5442E+00  0.5340E+02
  20.730  0.5596E+00  0.5596E+00  0.5341E+02
  20.740  0.5751E+00  0.5751E+00  0.5342E+02
  20.750  0.5905E+00  0.5905E+00  0.5343E+02
  20.760  0.6041E+00  0.6041E+00  0.5344E+02
  20.770  0.6184E+00  0.6184E+00  0.5345E+02
  20.780  0.6373E+00  0.6373E+00  0.5347E+02
  20.790  0.6383E+00  0.6383E+00  0.5348E+02
  20.800  0.6356E+00  0.6356E+00  0.5349E+02
  20.810  0.6489E+00  0.6489E+00  0.5351E+02
  20.820  0.6623E+00  0.6623E+00  0.5352E+02
  20.830  0.6762E+00  0.6762E+00  0.5353E+02
  20.840  0.6895E+00  0.6895E+00  0.5355E+02
  20.850  0.7023E+00  0.7023E+00  0.5356E+02
  20.860  0.7149E+00  0.7149E+00  0.5357E+02
  20.870  0.7267E+00  0.7267E+00  0.5359E+02
  20.880  0.7300E+00  0.7300E+00  0.5360E+02
  20.890  0.7314E+00  0.7314E+00  0.5362E+02
  20.900  0.7314E+00  0.7314E+00  0.5363E+02
  20.910  0.7297E+00  0.7297E+00  0.5365E+02
  20.920  0.7263E+00  0.7263E+00  0.5366E+02
  20.930  0.7211E+00  0.7211E+00  0.5368E+02
  20.940  0.7142E+00  0.7142E+00  0.5369E+02
  20.950  0.7156E+00  0.7156E+00  0.5370E+02
  20.960  0.7321E+00  0.7321E+00  0.5372E+02
  20.970  0.6783E+00  0.6783E+00  0.5373E+02
  20.980  0.6731E+00  0.6731E+00  0.5375E+02
  20.990  0.6690E+00  0.6690E+00  0.5376E+02
  21.000  0.6661E+00  0.6661E+00  0.5377E+02
  21.010  0.6637E+00  0.6637E+00  0.5379E+02
  21.020  0.6616E+00  0.6616E+00  0.5380E+02
  21.030  0.6597E+00  0.6597E+00  0.5381E+02
  21.040  0.6580E+00  0.6580E+00  0.5383E+02
  21.050  0.6581E+00  0.6581E+00  0.5384E+02
  21.060  0.6586E+00  0.6586E+00  0.5385E+02
  21.070  0.6646E+00  0.6646E+00  0.5387E+02
  21.080  0.6717E+00  0.6717E+00  0.5388E+02
  21.090  0.6742E+00  0.6742E+00  0.5389E+02
  21.100  0.6779E+00  0.6779E+00  0.5391E+02
  21.110  0.6828E+00  0.6828E+00  0.5392E+02
  21.120  0.6888E+00  0.6888E+00  0.5393E+02
  21.130  0.6951E+00  0.6951E+00  0.5395E+02
  21.140  0.6931E+00  0.6931E+00  0.5396E+02
  21.150  0.6908E+00  0.6908E+00  0.5398E+02
  21.160  0.6883E+00  0.6883E+00  0.5399E+02
  21.170  0.6857E+00  0.6857E+00  0.5400E+02
  21.180  0.6830E+00  0.6830E+00  0.5402E+02
  21.190  0.6798E+00  0.6798E+00  0.5403E+02
  21.200  0.6762E+00  0.6762E+00  0.5404E+02
  21.210  0.6727E+00  0.6727E+00  0.5406E+02
  21.220  0.6689E+00  0.6689E+00  0.5407E+02
  21.230  0.6646E+00  0.6646E+00  0.5408E+02
  21.240  0.6618E+00  0.6618E+00  0.5410E+02
  21.250  0.6601E+00  0.6601E+00  0.5411E+02
  21.260  0.6586E+00  0.6586E+00  0.5412E+02
  21.270  0.6559E+00  0.6559E+00  0.5414E+02
  21.280  0.6524E+00  0.6524E+00  0.5415E+02
  21.290  0.6492E+00  0.6492E+00  0.5416E+02
  21.300  0.6460E+00  0.6460E+00  0.5418E+02
  21.310  0.6430E+00  0.6430E+00  0.5419E+02
  21.320  0.6412E+00  0.6412E+00  0.5420E+02
  21.330  0.6404E+00  0.6404E+00  0.5421E+02
  21.340  0.6396E+00  0.6396E+00  0.5423E+02
  21.350  0.6395E+00  0.6395E+00  0.5424E+02
  21.360  0.6402E+00  0.6402E+00  0.5425E+02
  21.370  0.6416E+00  0.6416E+00  0.5427E+02
  21.380  0.6439E+00  0.6439E+00  0.5428E+02
  21.390  0.6470E+00  0.6470E+00  0.5429E+02
  21.400  0.6509E+00  0.6509E+00  0.5430E+02
  21.410  0.6556E+00  0.6556E+00  0.5432E+02
  21.420  0.6580E+00  0.6580E+00  0.5433E+02
  21.430  0.6559E+00  0.6559E+00  0.5434E+02
  21.440  0.6491E+00  0.6491E+00  0.5436E+02
  21.450  0.6469E+00  0.6469E+00  0.5437E+02
  21.460  0.6456E+00  0.6456E+00  0.5438E+02
  21.470  0.6442E+00  0.6442E+00  0.5440E+02
  21.480  0.6423E+00  0.6423E+00  0.5441E+02
  21.490  0.6400E+00  0.6400E+00  0.5442E+02
  21.500  0.6373E+00  0.6373E+00  0.5443E+02
  21.510  0.6342E+00  0.6342E+00  0.5445E+02
  21.520  0.6306E+00  0.6306E+00  0.5446E+02
  21.530  0.6267E+00  0.6267E+00  0.5447E+02
  21.540  0.6213E+00  0.6213E+00  0.5448E+02
  21.550  0.6195E+00  0.6195E+00  0.5450E+02
  21.560  0.6215E+00  0.6215E+00  0.5451E+02
  21.570  0.6264E+00  0.6264E+00  0.5452E+02
  21.580  0.6237E+00  0.6237E+00  0.5453E+02
  21.590  0.6196E+00  0.6196E+00  0.5455E+02
  21.600  0.6177E+00  0.6177E+00  0.5456E+02
  21.610  0.6146E+00  0.6146E+00  0.5457E+02
  21.620  0.6085E+00  0.6085E+00  0.5458E+02
  21.630  0.5990E+00  0.5990E+00  0.5460E+02
  21.640  0.5875E+00  0.5875E+00  0.5461E+02
  21.650  0.5835E+00  0.5835E+00  0.5462E+02
  21.660  0.5799E+00  0.5799E+00  0.5463E+02
  21.670  0.5767E+00  0.5767E+00  0.5464E+02
  21.680  0.5738E+00  0.5738E+00  0.5465E+02
  21.690  0.5712E+00  0.5712E+00  0.5467E+02
  21.700  0.5690E+00  0.5690E+00  0.5468E+02
  21.710  0.5671E+00  0.5671E+00  0.5469E+02
  21.720  0.5656E+00  0.5656E+00  0.5470E+02
  21.730  0.5645E+00  0.5645E+00  0.5471E+02
  21.740  0.5636E+00  0.5636E+00  0.5472E+02
  21.750  0.5629E+00  0.5629E+00  0.5473E+02
  21.760  0.5622E+00  0.5622E+00  0.5474E+02
  21.770  0.5614E+00  0.5614E+00  0.5476E+02
  21.780  0.5606E+00  0.5606E+00  0.5477E+02
  21.790  0.5597E+00  0.5597E+00  0.5478E+02
  21.800  0.5588E+00  0.5588E+00  0.5479E+02
  21.810  0.5577E+00  0.5577E+00  0.5480E+02
  21.820  0.5563E+00  0.5563E+00  0.5481E+02
  21.830  0.5546E+00  0.5546E+00  0.5482E+02
  21.840  0.5525E+00  0.5525E+00  0.5483E+02
  21.850  0.5499E+00  0.5499E+00  0.5485E+02
  21.860  0.5469E+00  0.5469E+00  0.5486E+02
  21.870  0.5435E+00  0.5435E+00  0.5487E+02
  21.880  0.5393E+00  0.5393E+00  0.5488E+02
  21.890  0.5364E+00  0.5364E+00  0.5489E+02
  21.900  0.5353E+00  0.5353E+00  0.5490E+02
  21.910  0.5344E+00  0.5344E+00  0.5491E+02
  21.920  0.5335E+00  0.5335E+00  0.5492E+02
  21.930  0.5327E+00  0.5327E+00  0.5493E+02
  21.940  0.5321E+00  0.5321E+00  0.5494E+02
  21.950  0.5325E+00  0.5325E+00  0.5495E+02
  21.960  0.5339E+00  0.5339E+00  0.5496E+02
  21.970  0.5364E+00  0.5364E+00  0.5497E+02
  21.980  0.5413E+00  0.5413E+00  0.5498E+02
  21.990  0.5474E+00  0.5474E+00  0.5500E+02
  22.000  0.5522E+00  0.5522E+00  0.5501E+02
  22.010  0.5557E+00  0.5557E+00  0.5502E+02
  22.020  0.5578E+00  0.5578E+00  0.5503E+02
  22.030  0.5587E+00  0.5587E+00  0.5504E+02
  22.040  0.5588E+00  0.5588E+00  0.5505E+02
  22.050  0.5570E+00  0.5570E+00  0.5506E+02
  22.060  0.5533E+00  0.5533E+00  0.5507E+02
  22.070  0.5477E+00  0.5477E+00  0.5508E+02
  22.080  0.5433E+00  0.5433E+00  0.5510E+02
  22.090  0.5399E+00  0.5399E+00  0.5511E+02
  22.100  0.5367E+00  0.5367E+00  0.5512E+02
  22.110  0.5337E+00  0.5337E+00  0.5513E+02
  22.120  0.5322E+00  0.5322E+00  0.5514E+02
  22.130  0.5313E+00  0.5313E+00  0.5515E+02
  22.140  0.5309E+00  0.5309E+00  0.5516E+02
  22.150  0.5309E+00  0.5309E+00  0.5517E+02
  22.160  0.5299E+00  0.5299E+00  0.5518E+02
  22.170  0.5275E+00  0.5275E+00  0.5519E+02
  22.180  0.5252E+00  0.5252E+00  0.5520E+02
  22.190  0.5232E+00  0.5232E+00  0.5521E+02
  22.200  0.5213E+00  0.5213E+00  0.5522E+02
  22.210  0.5196E+00  0.5196E+00  0.5523E+02
  22.220  0.5179E+00  0.5179E+00  0.5524E+02
  22.230  0.5162E+00  0.5162E+00  0.5525E+02
  22.240  0.5145E+00  0.5145E+00  0.5526E+02
  22.250  0.5128E+00  0.5128E+00  0.5527E+02
  22.260  0.5112E+00  0.5112E+00  0.5528E+02
  22.270  0.5094E+00  0.5094E+00  0.5529E+02
  22.280  0.5087E+00  0.5087E+00  0.5531E+02
  22.290  0.5092E+00  0.5092E+00  0.5532E+02
  22.300  0.5098E+00  0.5098E+00  0.5533E+02
  22.310  0.5107E+00  0.5107E+00  0.5534E+02
  22.320  0.5119E+00  0.5119E+00  0.5535E+02
  22.330  0.5133E+00  0.5133E+00  0.5536E+02
  22.340  0.5150E+00  0.5150E+00  0.5537E+02
  22.350  0.5165E+00  0.5165E+00  0.5538E+02
  22.360  0.5179E+00  0.5179E+00  0.5539E+02
  22.370  0.5190E+00  0.5190E+00  0.5540E+02
  22.380  0.5200E+00  0.5200E+00  0.5541E+02
  22.390  0.5208E+00  0.5208E+00  0.5542E+02
  22.400  0.5213E+00  0.5213E+00  0.5543E+02
  22.410  0.5199E+00  0.5199E+00  0.5544E+02
  22.420  0.5173E+00  0.5173E+00  0.5545E+02
  22.430  0.5137E+00  0.5137E+00  0.5546E+02
  22.440  0.5091E+00  0.5091E+00  0.5547E+02
  22.450  0.5044E+00  0.5044E+00  0.5548E+02
  22.460  0.5000E+00  0.5000E+00  0.5549E+02
  22.470  0.4958E+00  0.4958E+00  0.5550E+02
  22.480  0.4919E+00  0.4919E+00  0.5551E+02
  22.490  0.4883E+00  0.4883E+00  0.5552E+02
  22.500  0.4855E+00  0.4855E+00  0.5553E+02
  22.510  0.4834E+00  0.4834E+00  0.5554E+02
  22.520  0.4814E+00  0.4814E+00  0.5555E+02
  22.530  0.4792E+00  0.4792E+00  0.5556E+02
  22.540  0.4760E+00  0.4760E+00  0.5557E+02
  22.550  0.4728E+00  0.4728E+00  0.5558E+02
  22.560  0.4702E+00  0.4702E+00  0.5559E+02
  22.570  0.4683E+00  0.4683E+00  0.5560E+02
  22.580  0.4664E+00  0.4664E+00  0.5561E+02
  22.590  0.4644E+00  0.4644E+00  0.5562E+02
  22.600  0.4623E+00  0.4623E+00  0.5562E+02
  22.610  0.4601E+00  0.4601E+00  0.5563E+02
  22.620  0.4579E+00  0.4579E+00  0.5564E+02
  22.630  0.4557E+00  0.4557E+00  0.5565E+02
  22.640  0.4534E+00  0.4534E+00  0.5566E+02
  22.650  0.4511E+00  0.4511E+00  0.5567E+02
  22.660  0.4488E+00  0.4488E+00  0.5568E+02
  22.670  0.4465E+00  0.4465E+00  0.5569E+02
  22.680  0.4441E+00  0.4441E+00  0.5570E+02
  22.690  0.4417E+00  0.4417E+00  0.5571E+02
  22.700  0.4395E+00  0.4395E+00  0.5571E+02
  22.710  0.4379E+00  0.4379E+00  0.5572E+02
  22.720  0.4364E+00  0.4364E+00  0.5573E+02
  22.730  0.4428E+00  0.4428E+00  0.5574E+02
  22.740  0.4478E+00  0.4478E+00  0.5575E+02
  22.750  0.4507E+00  0.4507E+00  0.5576E+02
  22.760  0.4518E+00  0.4518E+00  0.5577E+02
  22.770  0.4510E+00  0.4510E+00  0.5578E+02
  22.780  0.4494E+00  0.4494E+00  0.5579E+02
  22.790  0.4470E+00  0.4470E+00  0.5579E+02
  22.800  0.4438E+00  0.4438E+00  0.5580E+02
  22.810  0.4398E+00  0.4398E+00  0.5581E+02
  22.820  0.4351E+00  0.4351E+00  0.5582E+02
  22.830  0.4294E+00  0.4294E+00  0.5583E+02
  22.840  0.4227E+00  0.4227E+00  0.5584E+02
  22.850  0.4152E+00  0.4152E+00  0.5585E+02
  22.860  0.4070E+00  0.4070E+00  0.5585E+02
  22.870  0.3982E+00  0.3982E+00  0.5586E+02
  22.880  0.3887E+00  0.3887E+00  0.5587E+02
  22.890  0.3777E+00  0.3777E+00  0.5588E+02
  22.900  0.3647E+00  0.3647E+00  0.5589E+02
  22.910  0.3505E+00  0.3505E+00  0.5589E+02
  22.920  0.3370E+00  0.3370E+00  0.5590E+02
  22.930  0.3240E+00  0.3240E+00  0.5591E+02
  22.940  0.3116E+00  0.3116E+00  0.5591E+02
  22.950  0.2999E+00  0.2999E+00  0.5592E+02
  22.960  0.2889E+00  0.2889E+00  0.5592E+02
  22.970  0.2787E+00  0.2787E+00  0.5593E+02
  22.980  0.2685E+00  0.2685E+00  0.5594E+02
  22.990  0.2584E+00  0.2584E+00  0.5594E+02
  23.000  0.2483E+00  0.2483E+00  0.5595E+02
  23.010  0.2383E+00  0.2383E+00  0.5595E+02
  23.020  0.2284E+00  0.2284E+00  0.5596E+02
  23.030  0.2189E+00  0.2189E+00  0.5596E+02
  23.040  0.2102E+00  0.2102E+00  0.5596E+02
  23.050  0.2028E+00  0.2028E+00  0.5597E+02
  23.060  0.1922E+00  0.1922E+00  0.5597E+02
  23.070  0.1691E+00  0.1691E+00  0.5598E+02
  23.080  0.1467E+00  0.1467E+00  0.5598E+02
  23.090  0.1302E+00  0.1302E+00  0.5598E+02
  23.100  0.1164E+00  0.1164E+00  0.5598E+02
  23.110  0.1036E+00  0.1036E+00  0.5599E+02
  23.120  0.9172E-01  0.9172E-01  0.5599E+02
  23.130  0.8083E-01  0.8083E-01  0.5599E+02
  23.140  0.7090E-01  0.7090E-01  0.5599E+02
  23.150  0.6193E-01  0.6193E-01  0.5599E+02
  23.160  0.5473E-01  0.5473E-01  0.5599E+02
  23.170  0.4848E-01  0.4848E-01  0.5600E+02
  23.180  0.4224E-01  0.4224E-01  0.5600E+02
  23.190  0.3574E-01  0.3574E-01  0.5600E+02
  23.200  0.2923E-01  0.2923E-01  0.5600E+02
  23.210  0.2345E-01  0.2345E-01  0.5600E+02
  23.220  0.1839E-01  0.1839E-01  0.5600E+02
  23.230  0.1407E-01  0.1407E-01  0.5600E+02
  23.240  0.1046E-01  0.1046E-01  0.5600E+02
  23.250  0.7250E-02  0.7250E-02  0.5600E+02
  23.260  0.4254E-02  0.4254E-02  0.5600E+02
  23.270  0.1643E-02  0.1643E-02  0.5600E+02
  23.280  0.3511E-03  0.3511E-03  0.5600E+02
  23.290  0.1602E-03  0.1603E-03  0.5600E+02
  23.300  0.6758E-04  0.6759E-04  0.5600E+02
  23.310  0.1431E-04  0.1431E-04  0.5600E+02
  23.320  0.0000E+00  0.0000E+00  0.5600E+02
  23.330  0.0000E+00  0.0000E+00  0.5600E+02
  23.340  0.1181E-03  0.1181E-03  0.5600E+02
  23.350  0.7374E-03  0.7374E-03  0.5600E+02
  23.360  0.1890E-02  0.1890E-02  0.5600E+02
  23.370  0.3576E-02  0.3576E-02  0.5600E+02
  23.380  0.5796E-02  0.5796E-02  0.5600E+02
  23.390  0.8549E-02  0.8549E-02  0.5600E+02
  23.400  0.1184E-01  0.1184E-01  0.5600E+02
  23.410  0.1583E-01  0.1583E-01  0.5600E+02
  23.420  0.2063E-01  0.2063E-01  0.5600E+02
  23.430  0.2623E-01  0.2623E-01  0.5600E+02
  23.440  0.3265E-01  0.3265E-01  0.5600E+02
  23.450  0.3987E-01  0.3987E-01  0.5600E+02
  23.460  0.4799E-01  0.4799E-01  0.5600E+02
  23.470  0.5711E-01  0.5711E-01  0.5600E+02
  23.480  0.6859E-01  0.6859E-01  0.5601E+02
  23.490  0.8232E-01  0.8232E-01  0.5601E+02
  23.500  0.9756E-01  0.9756E-01  0.5601E+02
  23.510  0.1144E+00  0.1144E+00  0.5601E+02
  23.520  0.1328E+00  0.1328E+00  0.5601E+02
  23.530  0.1521E+00  0.1521E+00  0.5602E+02
  23.540  0.1724E+00  0.1724E+00  0.5602E+02
  23.550  0.1935E+00  0.1935E+00  0.5602E+02
  23.560  0.2188E+00  0.2188E+00  0.5603E+02
  23.570  0.2457E+00  0.2457E+00  0.5603E+02
  23.580  0.2668E+00  0.2668E+00  0.5604E+02
  23.590  0.2882E+00  0.2882E+00  0.5604E+02
  23.600  0.3099E+00  0.3099E+00  0.5605E+02
  23.610  0.3321E+00  0.3321E+00  0.5606E+02
  23.620  0.3545E+00  0.3545E+00  0.5606E+02
  23.630  0.3768E+00  0.3768E+00  0.5607E+02
  23.640  0.3989E+00  0.3989E+00  0.5608E+02
  23.650  0.4207E+00  0.4207E+00  0.5609E+02
  23.660  0.4425E+00  0.4425E+00  0.5609E+02
  23.670  0.4640E+00  0.4640E+00  0.5610E+02
  23.680  0.4860E+00  0.4860E+00  0.5611E+02
  23.690  0.5082E+00  0.5082E+00  0.5612E+02
  23.700  0.5305E+00  0.5305E+00  0.5613E+02
  23.710  0.5528E+00  0.5528E+00  0.5614E+02
  23.720  0.5752E+00  0.5752E+00  0.5616E+02
  23.730  0.5972E+00  0.5972E+00  0.5617E+02
  23.740  0.6181E+00  0.6181E+00  0.5618E+02
  23.750  0.6371E+00  0.6371E+00  0.5619E+02
  23.760  0.6538E+00  0.6538E+00  0.5620E+02
  23.770  0.6685E+00  0.6685E+00  0.5622E+02
  23.780  0.6824E+00  0.6824E+00  0.5623E+02
  23.790  0.6964E+00  0.6964E+00  0.5625E+02
  23.800  0.7106E+00  0.7106E+00  0.5626E+02
  23.810  0.7251E+00  0.7251E+00  0.5627E+02
  23.820  0.7397E+00  0.7397E+00  0.5629E+02
  23.830  0.7548E+00  0.7548E+00  0.5630E+02
  23.840  0.7700E+00  0.7700E+00  0.5632E+02
  23.850  0.7852E+00  0.7852E+00  0.5633E+02
  23.860  0.8005E+00  0.8005E+00  0.5635E+02
  23.870  0.8174E+00  0.8174E+00  0.5637E+02
  23.880  0.8248E+00  0.8248E+00  0.5638E+02
  23.890  0.8313E+00  0.8313E+00  0.5640E+02
  23.900  0.8378E+00  0.8378E+00  0.5642E+02
  23.910  0.8445E+00  0.8445E+00  0.5643E+02
  23.920  0.8513E+00  0.8513E+00  0.5645E+02
  23.930  0.8584E+00  0.8584E+00  0.5647E+02
  23.940  0.8657E+00  0.8657E+00  0.5648E+02
  23.950  0.8731E+00  0.8731E+00  0.5650E+02
  23.960  0.8800E+00  0.8800E+00  0.5652E+02
  23.970  0.8904E+00  0.8904E+00  0.5654E+02
  23.980  0.9006E+00  0.9006E+00  0.5655E+02
  23.990  0.9084E+00  0.9084E+00  0.5657E+02
  24.000  0.9140E+00  0.9140E+00  0.5659E+02
  24.010  0.9176E+00  0.9176E+00  0.5661E+02
  24.020  0.9191E+00  0.9191E+00  0.5663E+02
  24.030  0.9195E+00  0.9195E+00  0.5665E+02
  24.040  0.9238E+00  0.9238E+00  0.5666E+02
  24.050  0.9331E+00  0.9331E+00  0.5668E+02
  24.060  0.9407E+00  0.9407E+00  0.5670E+02
  24.070  0.9466E+00  0.9466E+00  0.5672E+02
  24.080  0.9505E+00  0.9505E+00  0.5674E+02
  24.090  0.9526E+00  0.9526E+00  0.5676E+02
  24.100  0.9516E+00  0.9516E+00  0.5678E+02
  24.110  0.9446E+00  0.9446E+00  0.5680E+02
  24.120  0.9414E+00  0.9414E+00  0.5682E+02
  24.130  0.9396E+00  0.9396E+00  0.5683E+02
  24.140  0.9422E+00  0.9422E+00  0.5685E+02
  24.150  0.9489E+00  0.9489E+00  0.5687E+02
  24.160  0.9568E+00  0.9568E+00  0.5689E+02
  24.170  0.9672E+00  0.9672E+00  0.5691E+02
  24.180  0.9828E+00  0.9828E+00  0.5693E+02
  24.190  0.9988E+00  0.9988E+00  0.5695E+02
  24.200  0.1015E+01  0.1015E+01  0.5697E+02
  24.210  0.1030E+01  0.1030E+01  0.5699E+02
  24.220  0.1043E+01  0.1043E+01  0.5701E+02
  24.230  0.1056E+01  0.1056E+01  0.5703E+02
  24.240  0.1068E+01  0.1068E+01  0.5705E+02
  24.250  0.1115E+01  0.1115E+01  0.5707E+02
  24.260  0.1094E+01  0.1094E+01  0.5710E+02
  24.270  0.1106E+01  0.1106E+01  0.5712E+02
  24.280  0.1114E+01  0.1114E+01  0.5714E+02
  24.290  0.1119E+01  0.1119E+01  0.5716E+02
  24.300  0.1127E+01  0.1127E+01  0.5719E+02
  24.310  0.1134E+01  0.1134E+01  0.5721E+02
  24.320  0.1134E+01  0.1134E+01  0.5723E+02
  24.330  0.1145E+01  0.1145E+01  0.5725E+02
  24.340  0.1155E+01  0.1155E+01  0.5728E+02
  24.350  0.1150E+01  0.1150E+01  0.5730E+02
  24.360  0.1127E+01  0.1127E+01  0.5732E+02
  24.370  0.1106E+01  0.1106E+01  0.5735E+02
  24.380  0.1104E+01  0.1104E+01  0.5737E+02
  24.390  0.1109E+01  0.1109E+01  0.5739E+02
  24.400  0.1110E+01  0.1110E+01  0.5741E+02
  24.410  0.1107E+01  0.1107E+01  0.5743E+02
  24.420  0.1102E+01  0.1102E+01  0.5746E+02
  24.430  0.1097E+01  0.1097E+01  0.5748E+02
  24.440  0.1092E+01  0.1092E+01  0.5750E+02
  24.450  0.1088E+01  0.1088E+01  0.5752E+02
  24.460  0.1084E+01  0.1084E+01  0.5754E+02
  24.470  0.1080E+01  0.1080E+01  0.5756E+02
  24.480  0.1077E+01  0.1077E+01  0.5759E+02
  24.490  0.1074E+01  0.1074E+01  0.5761E+02
  24.500  0.1071E+01  0.1071E+01  0.5763E+02
  24.510  0.1073E+01  0.1073E+01  0.5765E+02
  24.520  0.1075E+01  0.1075E+01  0.5767E+02
  24.530  0.1072E+01  0.1072E+01  0.5769E+02
  24.540  0.1067E+01  0.1067E+01  0.5772E+02
  24.550  0.1065E+01  0.1065E+01  0.5774E+02
  24.560  0.1062E+01  0.1062E+01  0.5776E+02
  24.570  0.1060E+01  0.1060E+01  0.5778E+02
  24.580  0.1057E+01  0.1057E+01  0.5780E+02
  24.590  0.1053E+01  0.1053E+01  0.5782E+02
  24.600  0.1047E+01  0.1047E+01  0.5784E+02
  24.610  0.1041E+01  0.1041E+01  0.5786E+02
  24.620  0.1033E+01  0.1033E+01  0.5788E+02
  24.630  0.1025E+01  0.1025E+01  0.5790E+02
  24.640  0.1015E+01  0.1015E+01  0.5792E+02
  24.650  0.1001E+01  0.1001E+01  0.5795E+02
  24.660  0.9886E+00  0.9886E+00  0.5796E+02
  24.670  0.9795E+00  0.9795E+00  0.5798E+02
  24.680  0.9740E+00  0.9740E+00  0.5800E+02
  24.690  0.9727E+00  0.9727E+00  0.5802E+02
  24.700  0.9722E+00  0.9722E+00  0.5804E+02
  24.710  0.9732E+00  0.9732E+00  0.5806E+02
  24.720  0.9890E+00  0.9890E+00  0.5808E+02
  24.730  0.1012E+01  0.1012E+01  0.5810E+02
  24.740  0.1040E+01  0.1040E+01  0.5812E+02
  24.750  0.1071E+01  0.1071E+01  0.5814E+02
  24.760  0.1123E+01  0.1123E+01  0.5817E+02
  24.770  0.1189E+01  0.1189E+01  0.5819E+02
  24.780  0.1222E+01  0.1222E+01  0.5821E+02
  24.790  0.1248E+01  0.1248E+01  0.5824E+02
  24.800  0.1300E+01  0.1300E+01  0.5826E+02
  24.810  0.1380E+01  0.1380E+01  0.5829E+02
  24.820  0.1494E+01  0.1494E+01  0.5832E+02
  24.830  0.1740E+01  0.1740E+01  0.5835E+02
  24.840  0.1979E+01  0.1979E+01  0.5839E+02
  24.850  0.1933E+01  0.1933E+01  0.5843E+02
  24.860  0.1614E+01  0.1614E+01  0.5846E+02
  24.870  0.1255E+01  0.1255E+01  0.5849E+02
  24.880  0.1144E+01  0.1144E+01  0.5851E+02
  24.890  0.1042E+01  0.1042E+01  0.5854E+02
  24.900  0.1004E+01  0.1004E+01  0.5856E+02
  24.910  0.9788E+00  0.9788E+00  0.5858E+02
  24.920  0.9579E+00  0.9579E+00  0.5860E+02
  24.930  0.9402E+00  0.9402E+00  0.5861E+02
  24.940  0.9239E+00  0.9239E+00  0.5863E+02
  24.950  0.9106E+00  0.9106E+00  0.5865E+02
  24.960  0.9000E+00  0.9000E+00  0.5867E+02
  24.970  0.8918E+00  0.8918E+00  0.5869E+02
  24.980  0.8863E+00  0.8863E+00  0.5871E+02
  24.990  0.8852E+00  0.8852E+00  0.5872E+02
  25.000  0.8972E+00  0.8972E+00  0.5874E+02
