 &plot nbnd=   8, nks=    91 /
            0.500000  0.500000  0.500000
   -3.685   -1.012    4.600    4.600    7.147    9.119    9.119   13.438
            0.475000  0.475000  0.475000
   -3.718   -0.964    4.605    4.605    7.153    9.124    9.124   13.445
            0.450000  0.450000  0.450000
   -3.810   -0.827    4.618    4.618    7.168    9.137    9.137   13.465
            0.425000  0.425000  0.425000
   -3.946   -0.617    4.640    4.640    7.194    9.158    9.158   13.495
            0.400000  0.400000  0.400000
   -4.108   -0.350    4.671    4.671    7.230    9.185    9.185   13.528
            0.375000  0.375000  0.375000
   -4.285   -0.039    4.710    4.710    7.275    9.215    9.215   13.548
            0.350000  0.350000  0.350000
   -4.467    0.305    4.758    4.758    7.331    9.243    9.243   13.518
            0.325000  0.325000  0.325000
   -4.646    0.677    4.814    4.814    7.396    9.265    9.265   13.379
            0.300000  0.300000  0.300000
   -4.820    1.070    4.878    4.878    7.469    9.274    9.274   13.105
            0.275000  0.275000  0.275000
   -4.985    1.482    4.950    4.950    7.551    9.265    9.265   12.739
            0.250000  0.250000  0.250000
   -5.140    1.909    5.029    5.029    7.640    9.232    9.232   12.328
            0.225000  0.225000  0.225000
   -5.282    2.349    5.114    5.114    7.734    9.170    9.170   11.896
            0.200000  0.200000  0.200000
   -5.411    2.800    5.204    5.204    7.833    9.082    9.082   11.452
            0.175000  0.175000  0.175000
   -5.526    3.256    5.298    5.298    7.934    8.971    8.971   11.002
            0.150000  0.150000  0.150000
   -5.627    3.716    5.392    5.392    8.034    8.845    8.845   10.551
            0.125000  0.125000  0.125000
   -5.712    4.173    5.485    5.485    8.129    8.713    8.713   10.104
            0.100000  0.100000  0.100000
   -5.783    4.618    5.572    5.572    8.215    8.586    8.586    9.670
            0.075000  0.075000  0.075000
   -5.838    5.035    5.649    5.649    8.284    8.472    8.472    9.265
            0.050000  0.050000  0.050000
   -5.877    5.399    5.709    5.709    8.326    8.383    8.383    8.923
            0.025000  0.025000  0.025000
   -5.901    5.663    5.748    5.748    8.324    8.326    8.326    8.702
            0.000000  0.000000  0.000000
   -5.909    5.762    5.762    5.762    8.306    8.306    8.306    8.635
            0.033333  0.000000  0.000000
   -5.904    5.725    5.742    5.742    8.294    8.331    8.331    8.671
            0.066667  0.000000  0.000000
   -5.890    5.621    5.685    5.685    8.260    8.406    8.406    8.772
            0.100000  0.000000  0.000000
   -5.867    5.461    5.596    5.596    8.205    8.524    8.524    8.926
            0.133333  0.000000  0.000000
   -5.834    5.261    5.483    5.483    8.131    8.677    8.677    9.114
            0.166667  0.000000  0.000000
   -5.792    5.032    5.354    5.354    8.043    8.858    8.858    9.318
            0.200000  0.000000  0.000000
   -5.741    4.782    5.214    5.214    7.942    9.061    9.061    9.522
            0.233333  0.000000  0.000000
   -5.680    4.519    5.068    5.068    7.833    9.281    9.281    9.703
            0.266667  0.000000  0.000000
   -5.610    4.247    4.919    4.919    7.719    9.515    9.515    9.836
            0.300000  0.000000  0.000000
   -5.531    3.968    4.770    4.770    7.601    9.761    9.761    9.893
            0.333333  0.000000  0.000000
   -5.443    3.684    4.622    4.622    7.482    9.857   10.015   10.015
            0.366667  0.000000  0.000000
   -5.345    3.397    4.478    4.478    7.364    9.740   10.277   10.277
            0.400000  0.000000  0.000000
   -5.239    3.108    4.338    4.338    7.249    9.564   10.545   10.545
            0.433333  0.000000  0.000000
   -5.124    2.817    4.203    4.203    7.138    9.354   10.819   10.819
            0.466667  0.000000  0.000000
   -5.000    2.526    4.074    4.074    7.032    9.128   11.097   11.097
            0.500000  0.000000  0.000000
   -4.867    2.234    3.951    3.951    6.933    8.895   11.379   11.379
            0.533333  0.000000  0.000000
   -4.726    1.942    3.834    3.834    6.840    8.663   11.665   11.665
            0.566667  0.000000  0.000000
   -4.576    1.651    3.725    3.725    6.754    8.437   11.954   11.954
            0.600000  0.000000  0.000000
   -4.417    1.361    3.623    3.623    6.677    8.218   12.246   12.246
            0.633333  0.000000  0.000000
   -4.250    1.072    3.528    3.528    6.609    8.010   12.540   12.540
            0.666667  0.000000  0.000000
   -4.076    0.784    3.441    3.441    6.550    7.812   12.837   12.837
            0.700000  0.000000  0.000000
   -3.893    0.499    3.362    3.362    6.501    7.627   13.136   13.136
            0.733333  0.000000  0.000000
   -3.702    0.216    3.291    3.291    6.463    7.455   13.436   13.436
            0.766667  0.000000  0.000000
   -3.504   -0.065    3.228    3.228    6.434    7.296   13.738   13.738
            0.800000  0.000000  0.000000
   -3.298   -0.342    3.173    3.173    6.417    7.150   14.040   14.040
            0.833333  0.000000  0.000000
   -3.085   -0.616    3.127    3.127    6.410    7.018   14.342   14.342
            0.866667  0.000000  0.000000
   -2.865   -0.886    3.089    3.089    6.415    6.899   14.639   14.639
            0.900000  0.000000  0.000000
   -2.638   -1.152    3.059    3.059    6.432    6.793   14.928   14.928
            0.933333  0.000000  0.000000
   -2.405   -1.413    3.038    3.038    6.461    6.701   15.195   15.195
            0.966667  0.000000  0.000000
   -2.166   -1.669    3.025    3.025    6.502    6.622   15.409   15.409
            1.000000  0.000000  0.000000
   -1.920   -1.920    3.021    3.021    6.556    6.556   15.499   15.499
            1.000000  0.025000  0.025000
   -1.923   -1.914    2.986    3.025    6.560    6.608   15.446   15.466
            1.000000  0.050000  0.050000
   -1.930   -1.897    2.888    3.038    6.575    6.760   15.299   15.374
            1.000000  0.075000  0.075000
   -1.944   -1.868    2.744    3.059    6.599    6.995   15.084   15.231
            1.000000  0.100000  0.100000
   -1.965   -1.828    2.572    3.088    6.633    7.296   14.827   15.052
            1.000000  0.125000  0.125000
   -1.994   -1.776    2.388    3.126    6.676    7.648   14.545   14.847
            1.000000  0.150000  0.150000
   -2.034   -1.713    2.206    3.171    6.728    8.038   14.249   14.625
            1.000000  0.175000  0.175000
   -2.086   -1.638    2.035    3.225    6.789    8.460   13.947   14.392
            1.000000  0.200000  0.200000
   -2.153   -1.552    1.884    3.286    6.860    8.907   13.644   14.154
            1.000000  0.225000  0.225000
   -2.236   -1.455    1.757    3.355    6.939    9.374   13.342   13.902
            1.000000  0.250000  0.250000
   -2.336   -1.346    1.659    3.431    7.026    9.857   13.043   13.580
            0.966667  0.241667  0.241667
   -2.338   -1.348    1.701    3.409    7.001    9.700   13.076   13.403
            0.933333  0.233333  0.233333
   -2.419   -1.275    1.769    3.395    6.989    9.556   13.008   13.184
            0.900000  0.225000  0.225000
   -2.556   -1.144    1.860    3.390    6.988    9.427   12.891   12.964
            0.866667  0.216667  0.216667
   -2.727   -0.975    1.970    3.394    6.998    9.312   12.746   12.753
            0.833333  0.208333  0.208333
   -2.915   -0.783    2.097    3.407    7.018    9.214   12.530   12.606
            0.800000  0.200000  0.200000
   -3.112   -0.575    2.237    3.429    7.048    9.132   12.316   12.456
            0.766667  0.191667  0.191667
   -3.311   -0.353    2.388    3.460    7.087    9.070   12.104   12.304
            0.733333  0.183333  0.183333
   -3.509   -0.121    2.549    3.500    7.132    9.028   11.894   12.153
            0.700000  0.175000  0.175000
   -3.705    0.121    2.719    3.549    7.182    9.007   11.687   12.000
            0.666667  0.166667  0.166667
   -3.896    0.371    2.894    3.607    7.236    9.010   11.483   11.846
            0.633333  0.158333  0.158333
   -4.081    0.629    3.075    3.675    7.290    9.038   11.283   11.689
            0.600000  0.150000  0.150000
   -4.259    0.895    3.259    3.750    7.345    9.090   11.088   11.528
            0.566667  0.141667  0.141667
   -4.431    1.168    3.446    3.835    7.398    9.166   10.898   11.361
            0.533333  0.133333  0.133333
   -4.594    1.448    3.634    3.928    7.450    9.260   10.719   11.186
            0.500000  0.125000  0.125000
   -4.749    1.735    3.822    4.029    7.502    9.365   10.554   11.002
            0.466667  0.116667  0.116667
   -4.895    2.027    4.009    4.138    7.553    9.466   10.416   10.809
            0.433333  0.108333  0.108333
   -5.032    2.326    4.194    4.255    7.606    9.533   10.327   10.606
            0.400000  0.100000  0.100000
   -5.160    2.629    4.376    4.379    7.662    9.531   10.312   10.394
            0.366667  0.091667  0.091667
   -5.278    2.938    4.509    4.554    7.720    9.458   10.175   10.356
            0.333333  0.083333  0.083333
   -5.386    3.250    4.644    4.726    7.782    9.342    9.950   10.403
            0.300000  0.075000  0.075000
   -5.485    3.565    4.784    4.891    7.847    9.209    9.724   10.391
            0.266667  0.066667  0.066667
   -5.573    3.881    4.928    5.048    7.915    9.070    9.497   10.279
            0.233333  0.058333  0.058333
   -5.652    4.196    5.072    5.195    7.985    8.934    9.276   10.075
            0.200000  0.050000  0.050000
   -5.720    4.506    5.215    5.331    8.054    8.804    9.062    9.815
            0.166667  0.041667  0.041667
   -5.777    4.808    5.353    5.453    8.120    8.683    8.862    9.533
            0.133333  0.033333  0.033333
   -5.825    5.094    5.482    5.558    8.181    8.574    8.682    9.254
            0.100000  0.025000  0.025000
   -5.862    5.352    5.594    5.644    8.233    8.478    8.528    9.002
            0.066667  0.016667  0.016667
   -5.888    5.565    5.684    5.709    8.272    8.395    8.408    8.801
            0.033333  0.008333  0.008333
   -5.904    5.710    5.742    5.748    8.297    8.331    8.332    8.676
            0.000000  0.000000  0.000000
   -5.909    5.762    5.762    5.762    8.306    8.306    8.306    8.635
