#  E (eV)   dosup(E)     dosdw(E)   Int dos(E) EFermi =   15.691  15.691 eV
   5.000  0.6652E-01  0.6652E-01  0.2000E+02
   5.010  0.8439E-01  0.8439E-01  0.2001E+02
   5.020  0.1046E+00  0.1046E+00  0.2001E+02
   5.030  0.1464E+00  0.1464E+00  0.2001E+02
   5.040  0.1417E+00  0.1417E+00  0.2001E+02
   5.050  0.1649E+00  0.1649E+00  0.2002E+02
   5.060  0.1734E+00  0.1734E+00  0.2002E+02
   5.070  0.1830E+00  0.1830E+00  0.2002E+02
   5.080  0.1937E+00  0.1937E+00  0.2003E+02
   5.090  0.2060E+00  0.2060E+00  0.2003E+02
   5.100  0.2218E+00  0.2218E+00  0.2003E+02
   5.110  0.3915E+00  0.3915E+00  0.2004E+02
   5.120  0.2595E+00  0.2595E+00  0.2005E+02
   5.130  0.2733E+00  0.2733E+00  0.2005E+02
   5.140  0.2844E+00  0.2844E+00  0.2006E+02
   5.150  0.2916E+00  0.2916E+00  0.2006E+02
   5.160  0.2949E+00  0.2949E+00  0.2007E+02
   5.170  0.2965E+00  0.2965E+00  0.2007E+02
   5.180  0.3053E+00  0.3053E+00  0.2008E+02
   5.190  0.3146E+00  0.3146E+00  0.2009E+02
   5.200  0.3244E+00  0.3244E+00  0.2009E+02
   5.210  0.3396E+00  0.3396E+00  0.2010E+02
   5.220  0.3660E+00  0.3660E+00  0.2011E+02
   5.230  0.4136E+00  0.4136E+00  0.2011E+02
   5.240  0.4475E+00  0.4475E+00  0.2012E+02
   5.250  0.4285E+00  0.4285E+00  0.2013E+02
   5.260  0.4411E+00  0.4411E+00  0.2014E+02
   5.270  0.4542E+00  0.4542E+00  0.2015E+02
   5.280  0.4679E+00  0.4679E+00  0.2016E+02
   5.290  0.4836E+00  0.4836E+00  0.2017E+02
   5.300  0.5002E+00  0.5002E+00  0.2018E+02
   5.310  0.5175E+00  0.5175E+00  0.2019E+02
   5.320  0.5357E+00  0.5357E+00  0.2020E+02
   5.330  0.5546E+00  0.5546E+00  0.2021E+02
   5.340  0.5744E+00  0.5744E+00  0.2022E+02
   5.350  0.5953E+00  0.5953E+00  0.2023E+02
   5.360  0.6194E+00  0.6194E+00  0.2024E+02
   5.370  0.6478E+00  0.6478E+00  0.2026E+02
   5.380  0.6815E+00  0.6815E+00  0.2027E+02
   5.390  0.7175E+00  0.7175E+00  0.2028E+02
   5.400  0.7582E+00  0.7582E+00  0.2030E+02
   5.410  0.8083E+00  0.8083E+00  0.2031E+02
   5.420  0.8689E+00  0.8689E+00  0.2033E+02
   5.430  0.9444E+00  0.9444E+00  0.2035E+02
   5.440  0.1028E+01  0.1028E+01  0.2037E+02
   5.450  0.1158E+01  0.1158E+01  0.2039E+02
   5.460  0.1312E+01  0.1312E+01  0.2042E+02
   5.470  0.1474E+01  0.1474E+01  0.2044E+02
   5.480  0.1614E+01  0.1614E+01  0.2047E+02
   5.490  0.1757E+01  0.1757E+01  0.2051E+02
   5.500  0.1857E+01  0.1857E+01  0.2054E+02
   5.510  0.2017E+01  0.2017E+01  0.2058E+02
   5.520  0.1979E+01  0.1979E+01  0.2062E+02
   5.530  0.2133E+01  0.2133E+01  0.2066E+02
   5.540  0.2262E+01  0.2263E+01  0.2071E+02
   5.550  0.2439E+01  0.2439E+01  0.2076E+02
   5.560  0.2609E+01  0.2609E+01  0.2081E+02
   5.570  0.2766E+01  0.2766E+01  0.2086E+02
   5.580  0.2955E+01  0.2955E+01  0.2092E+02
   5.590  0.3101E+01  0.3101E+01  0.2098E+02
   5.600  0.3160E+01  0.3160E+01  0.2104E+02
   5.610  0.3227E+01  0.3227E+01  0.2110E+02
   5.620  0.3318E+01  0.3318E+01  0.2117E+02
   5.630  0.3513E+01  0.3513E+01  0.2124E+02
   5.640  0.3636E+01  0.3636E+01  0.2131E+02
   5.650  0.3701E+01  0.3701E+01  0.2138E+02
   5.660  0.3591E+01  0.3591E+01  0.2146E+02
   5.670  0.3412E+01  0.3412E+01  0.2153E+02
   5.680  0.3143E+01  0.3143E+01  0.2159E+02
   5.690  0.2831E+01  0.2831E+01  0.2165E+02
   5.700  0.2524E+01  0.2524E+01  0.2170E+02
   5.710  0.2229E+01  0.2229E+01  0.2175E+02
   5.720  0.1899E+01  0.1899E+01  0.2179E+02
   5.730  0.1574E+01  0.1574E+01  0.2183E+02
   5.740  0.1289E+01  0.1289E+01  0.2186E+02
   5.750  0.1056E+01  0.1056E+01  0.2188E+02
   5.760  0.9053E+00  0.9053E+00  0.2190E+02
   5.770  0.7858E+00  0.7857E+00  0.2192E+02
   5.780  0.6867E+00  0.6867E+00  0.2193E+02
   5.790  0.5912E+00  0.5912E+00  0.2194E+02
   5.800  0.4951E+00  0.4951E+00  0.2196E+02
   5.810  0.3985E+00  0.3985E+00  0.2196E+02
   5.820  0.3157E+00  0.3157E+00  0.2197E+02
   5.830  0.2726E+00  0.2725E+00  0.2198E+02
   5.840  0.2382E+00  0.2382E+00  0.2198E+02
   5.850  0.1890E+00  0.1890E+00  0.2199E+02
   5.860  0.1616E+00  0.1616E+00  0.2199E+02
   5.870  0.1449E+00  0.1449E+00  0.2199E+02
   5.880  0.1418E+00  0.1418E+00  0.2200E+02
   5.890  0.1510E+00  0.1510E+00  0.2200E+02
   5.900  0.5296E+00  0.5297E+00  0.2201E+02
   5.910  0.1218E+01  0.1218E+01  0.2202E+02
   5.920  0.1087E+01  0.1087E+01  0.2204E+02
   5.930  0.1326E+01  0.1326E+01  0.2206E+02
   5.940  0.1590E+01  0.1590E+01  0.2210E+02
   5.950  0.1883E+01  0.1883E+01  0.2213E+02
   5.960  0.2264E+01  0.2264E+01  0.2217E+02
   5.970  0.2696E+01  0.2696E+01  0.2222E+02
   5.980  0.3264E+01  0.3264E+01  0.2228E+02
   5.990  0.3848E+01  0.3848E+01  0.2235E+02
   6.000  0.4651E+01  0.4652E+01  0.2244E+02
   6.010  0.6136E+01  0.6137E+01  0.2255E+02
   6.020  0.9586E+01  0.9586E+01  0.2270E+02
   6.030  0.1002E+02  0.1002E+02  0.2290E+02
   6.040  0.1088E+02  0.1088E+02  0.2311E+02
   6.050  0.1192E+02  0.1192E+02  0.2334E+02
   6.060  0.9520E+01  0.9519E+01  0.2356E+02
   6.070  0.7310E+01  0.7310E+01  0.2373E+02
   6.080  0.5273E+01  0.5273E+01  0.2386E+02
   6.090  0.3907E+01  0.3906E+01  0.2395E+02
   6.100  0.3451E+01  0.3451E+01  0.2402E+02
   6.110  0.3244E+01  0.3244E+01  0.2409E+02
   6.120  0.3077E+01  0.3077E+01  0.2415E+02
   6.130  0.2967E+01  0.2967E+01  0.2421E+02
   6.140  0.2894E+01  0.2894E+01  0.2427E+02
   6.150  0.2852E+01  0.2852E+01  0.2433E+02
   6.160  0.2829E+01  0.2829E+01  0.2438E+02
   6.170  0.2823E+01  0.2823E+01  0.2444E+02
   6.180  0.2839E+01  0.2839E+01  0.2450E+02
   6.190  0.2880E+01  0.2880E+01  0.2455E+02
   6.200  0.2995E+01  0.2995E+01  0.2461E+02
   6.210  0.3101E+01  0.3101E+01  0.2467E+02
   6.220  0.3071E+01  0.3071E+01  0.2473E+02
   6.230  0.3028E+01  0.3028E+01  0.2479E+02
   6.240  0.3015E+01  0.3015E+01  0.2486E+02
   6.250  0.3069E+01  0.3069E+01  0.2492E+02
   6.260  0.3077E+01  0.3077E+01  0.2498E+02
   6.270  0.3088E+01  0.3088E+01  0.2504E+02
   6.280  0.3016E+01  0.3016E+01  0.2510E+02
   6.290  0.2947E+01  0.2947E+01  0.2516E+02
   6.300  0.2903E+01  0.2903E+01  0.2522E+02
   6.310  0.2845E+01  0.2845E+01  0.2528E+02
   6.320  0.2769E+01  0.2769E+01  0.2533E+02
   6.330  0.2677E+01  0.2677E+01  0.2539E+02
   6.340  0.2562E+01  0.2562E+01  0.2544E+02
   6.350  0.2395E+01  0.2395E+01  0.2549E+02
   6.360  0.2232E+01  0.2232E+01  0.2554E+02
   6.370  0.2095E+01  0.2095E+01  0.2558E+02
   6.380  0.1963E+01  0.1963E+01  0.2562E+02
   6.390  0.1849E+01  0.1849E+01  0.2566E+02
   6.400  0.1752E+01  0.1752E+01  0.2569E+02
   6.410  0.1653E+01  0.1653E+01  0.2573E+02
   6.420  0.1542E+01  0.1542E+01  0.2576E+02
   6.430  0.1432E+01  0.1432E+01  0.2579E+02
   6.440  0.1342E+01  0.1342E+01  0.2582E+02
   6.450  0.1271E+01  0.1271E+01  0.2584E+02
   6.460  0.1216E+01  0.1216E+01  0.2587E+02
   6.470  0.1173E+01  0.1173E+01  0.2589E+02
   6.480  0.1133E+01  0.1133E+01  0.2591E+02
   6.490  0.1100E+01  0.1100E+01  0.2594E+02
   6.500  0.1061E+01  0.1061E+01  0.2596E+02
   6.510  0.1030E+01  0.1030E+01  0.2598E+02
   6.520  0.1011E+01  0.1011E+01  0.2600E+02
   6.530  0.1004E+01  0.1004E+01  0.2602E+02
   6.540  0.1013E+01  0.1013E+01  0.2604E+02
   6.550  0.1035E+01  0.1035E+01  0.2606E+02
   6.560  0.1075E+01  0.1075E+01  0.2608E+02
   6.570  0.1131E+01  0.1131E+01  0.2610E+02
   6.580  0.1199E+01  0.1199E+01  0.2613E+02
   6.590  0.1281E+01  0.1281E+01  0.2615E+02
   6.600  0.1383E+01  0.1383E+01  0.2618E+02
   6.610  0.1508E+01  0.1508E+01  0.2621E+02
   6.620  0.1673E+01  0.1673E+01  0.2624E+02
   6.630  0.1860E+01  0.1860E+01  0.2627E+02
   6.640  0.1998E+01  0.1998E+01  0.2631E+02
   6.650  0.2116E+01  0.2116E+01  0.2635E+02
   6.660  0.2255E+01  0.2255E+01  0.2640E+02
   6.670  0.2446E+01  0.2446E+01  0.2645E+02
   6.680  0.2602E+01  0.2602E+01  0.2650E+02
   6.690  0.2728E+01  0.2728E+01  0.2655E+02
   6.700  0.2817E+01  0.2817E+01  0.2660E+02
   6.710  0.2921E+01  0.2921E+01  0.2666E+02
   6.720  0.3224E+01  0.3224E+01  0.2672E+02
   6.730  0.3224E+01  0.3224E+01  0.2679E+02
   6.740  0.3262E+01  0.3262E+01  0.2685E+02
   6.750  0.3314E+01  0.3314E+01  0.2692E+02
   6.760  0.3289E+01  0.3289E+01  0.2698E+02
   6.770  0.3166E+01  0.3166E+01  0.2705E+02
   6.780  0.3169E+01  0.3169E+01  0.2711E+02
   6.790  0.3110E+01  0.3110E+01  0.2717E+02
   6.800  0.2813E+01  0.2813E+01  0.2723E+02
   6.810  0.2633E+01  0.2633E+01  0.2729E+02
   6.820  0.2461E+01  0.2461E+01  0.2734E+02
   6.830  0.2297E+01  0.2296E+01  0.2739E+02
   6.840  0.2141E+01  0.2141E+01  0.2743E+02
   6.850  0.1988E+01  0.1988E+01  0.2747E+02
   6.860  0.1800E+01  0.1800E+01  0.2751E+02
   6.870  0.1580E+01  0.1580E+01  0.2754E+02
   6.880  0.1394E+01  0.1394E+01  0.2757E+02
   6.890  0.1168E+01  0.1168E+01  0.2760E+02
   6.900  0.9846E+00  0.9846E+00  0.2762E+02
   6.910  0.8806E+00  0.8806E+00  0.2764E+02
   6.920  0.8179E+00  0.8179E+00  0.2766E+02
   6.930  0.7785E+00  0.7785E+00  0.2767E+02
   6.940  0.7747E+00  0.7747E+00  0.2769E+02
   6.950  0.8133E+00  0.8133E+00  0.2770E+02
   6.960  0.8798E+00  0.8798E+00  0.2772E+02
   6.970  0.9587E+00  0.9587E+00  0.2774E+02
   6.980  0.1057E+01  0.1057E+01  0.2776E+02
   6.990  0.1166E+01  0.1166E+01  0.2778E+02
   7.000  0.1284E+01  0.1284E+01  0.2780E+02
   7.010  0.1393E+01  0.1393E+01  0.2783E+02
   7.020  0.1491E+01  0.1491E+01  0.2786E+02
   7.030  0.1579E+01  0.1579E+01  0.2789E+02
   7.040  0.1656E+01  0.1656E+01  0.2792E+02
   7.050  0.1744E+01  0.1744E+01  0.2796E+02
   7.060  0.1838E+01  0.1838E+01  0.2799E+02
   7.070  0.1902E+01  0.1902E+01  0.2803E+02
   7.080  0.1940E+01  0.1940E+01  0.2807E+02
   7.090  0.1991E+01  0.1991E+01  0.2811E+02
   7.100  0.2041E+01  0.2041E+01  0.2815E+02
   7.110  0.2080E+01  0.2080E+01  0.2819E+02
   7.120  0.2104E+01  0.2104E+01  0.2823E+02
   7.130  0.2113E+01  0.2113E+01  0.2827E+02
   7.140  0.2074E+01  0.2074E+01  0.2832E+02
   7.150  0.2072E+01  0.2072E+01  0.2836E+02
   7.160  0.2047E+01  0.2047E+01  0.2840E+02
   7.170  0.1917E+01  0.1916E+01  0.2844E+02
   7.180  0.1875E+01  0.1875E+01  0.2848E+02
   7.190  0.1838E+01  0.1838E+01  0.2851E+02
   7.200  0.1804E+01  0.1804E+01  0.2855E+02
   7.210  0.1783E+01  0.1783E+01  0.2859E+02
   7.220  0.1776E+01  0.1776E+01  0.2862E+02
   7.230  0.1780E+01  0.1780E+01  0.2866E+02
   7.240  0.1791E+01  0.1791E+01  0.2869E+02
   7.250  0.1811E+01  0.1811E+01  0.2873E+02
   7.260  0.1839E+01  0.1839E+01  0.2877E+02
   7.270  0.1870E+01  0.1870E+01  0.2880E+02
   7.280  0.1886E+01  0.1886E+01  0.2884E+02
   7.290  0.1917E+01  0.1917E+01  0.2888E+02
   7.300  0.1965E+01  0.1965E+01  0.2892E+02
   7.310  0.2014E+01  0.2014E+01  0.2896E+02
   7.320  0.2085E+01  0.2085E+01  0.2900E+02
   7.330  0.2180E+01  0.2181E+01  0.2904E+02
   7.340  0.2335E+01  0.2334E+01  0.2909E+02
   7.350  0.2386E+01  0.2386E+01  0.2913E+02
   7.360  0.2591E+01  0.2591E+01  0.2918E+02
   7.370  0.2997E+01  0.2997E+01  0.2924E+02
   7.380  0.3299E+01  0.3299E+01  0.2930E+02
   7.390  0.3658E+01  0.3658E+01  0.2937E+02
   7.400  0.4201E+01  0.4201E+01  0.2945E+02
   7.410  0.3639E+01  0.3638E+01  0.2952E+02
   7.420  0.3172E+01  0.3172E+01  0.2959E+02
   7.430  0.3098E+01  0.3098E+01  0.2966E+02
   7.440  0.2756E+01  0.2756E+01  0.2971E+02
   7.450  0.2666E+01  0.2666E+01  0.2977E+02
   7.460  0.2320E+01  0.2320E+01  0.2982E+02
   7.470  0.2117E+01  0.2117E+01  0.2986E+02
   7.480  0.1933E+01  0.1933E+01  0.2991E+02
   7.490  0.1459E+01  0.1459E+01  0.2994E+02
   7.500  0.1447E+01  0.1447E+01  0.2997E+02
   7.510  0.1402E+01  0.1402E+01  0.3000E+02
   7.520  0.1335E+01  0.1335E+01  0.3002E+02
   7.530  0.1317E+01  0.1317E+01  0.3005E+02
   7.540  0.1302E+01  0.1302E+01  0.3008E+02
   7.550  0.1278E+01  0.1278E+01  0.3010E+02
   7.560  0.1265E+01  0.1265E+01  0.3013E+02
   7.570  0.1261E+01  0.1261E+01  0.3015E+02
   7.580  0.1273E+01  0.1273E+01  0.3018E+02
   7.590  0.1264E+01  0.1264E+01  0.3020E+02
   7.600  0.1297E+01  0.1297E+01  0.3023E+02
   7.610  0.1334E+01  0.1334E+01  0.3026E+02
   7.620  0.1382E+01  0.1382E+01  0.3028E+02
   7.630  0.1436E+01  0.1436E+01  0.3031E+02
   7.640  0.1495E+01  0.1495E+01  0.3034E+02
   7.650  0.1558E+01  0.1558E+01  0.3037E+02
   7.660  0.1706E+01  0.1706E+01  0.3040E+02
   7.670  0.1739E+01  0.1739E+01  0.3044E+02
   7.680  0.1833E+01  0.1833E+01  0.3047E+02
   7.690  0.1908E+01  0.1908E+01  0.3051E+02
   7.700  0.2207E+01  0.2207E+01  0.3055E+02
   7.710  0.2179E+01  0.2179E+01  0.3059E+02
   7.720  0.2292E+01  0.2292E+01  0.3064E+02
   7.730  0.2420E+01  0.2420E+01  0.3069E+02
   7.740  0.2600E+01  0.2601E+01  0.3074E+02
   7.750  0.2689E+01  0.2689E+01  0.3079E+02
   7.760  0.2729E+01  0.2729E+01  0.3084E+02
   7.770  0.2733E+01  0.2733E+01  0.3090E+02
   7.780  0.2760E+01  0.2760E+01  0.3095E+02
   7.790  0.2852E+01  0.2852E+01  0.3101E+02
   7.800  0.2835E+01  0.2835E+01  0.3107E+02
   7.810  0.2815E+01  0.2815E+01  0.3112E+02
   7.820  0.2786E+01  0.2786E+01  0.3118E+02
   7.830  0.2716E+01  0.2716E+01  0.3123E+02
   7.840  0.2719E+01  0.2719E+01  0.3129E+02
   7.850  0.2506E+01  0.2506E+01  0.3134E+02
   7.860  0.2326E+01  0.2326E+01  0.3139E+02
   7.870  0.2237E+01  0.2237E+01  0.3144E+02
   7.880  0.1912E+01  0.1912E+01  0.3148E+02
   7.890  0.1703E+01  0.1703E+01  0.3151E+02
   7.900  0.1536E+01  0.1536E+01  0.3154E+02
   7.910  0.1415E+01  0.1415E+01  0.3157E+02
   7.920  0.1334E+01  0.1334E+01  0.3160E+02
   7.930  0.1307E+01  0.1307E+01  0.3163E+02
   7.940  0.1308E+01  0.1308E+01  0.3165E+02
   7.950  0.1316E+01  0.1316E+01  0.3168E+02
   7.960  0.1318E+01  0.1318E+01  0.3171E+02
   7.970  0.1322E+01  0.1322E+01  0.3173E+02
   7.980  0.1296E+01  0.1296E+01  0.3176E+02
   7.990  0.1348E+01  0.1348E+01  0.3179E+02
   8.000  0.1419E+01  0.1419E+01  0.3181E+02
   8.010  0.1440E+01  0.1440E+01  0.3184E+02
   8.020  0.1474E+01  0.1474E+01  0.3187E+02
   8.030  0.1547E+01  0.1547E+01  0.3190E+02
   8.040  0.1635E+01  0.1635E+01  0.3193E+02
   8.050  0.1725E+01  0.1725E+01  0.3197E+02
   8.060  0.1830E+01  0.1830E+01  0.3200E+02
   8.070  0.1942E+01  0.1942E+01  0.3204E+02
   8.080  0.2015E+01  0.2015E+01  0.3208E+02
   8.090  0.2181E+01  0.2181E+01  0.3212E+02
   8.100  0.2189E+01  0.2189E+01  0.3217E+02
   8.110  0.2117E+01  0.2117E+01  0.3221E+02
   8.120  0.2037E+01  0.2037E+01  0.3225E+02
   8.130  0.1961E+01  0.1961E+01  0.3229E+02
   8.140  0.1920E+01  0.1920E+01  0.3233E+02
   8.150  0.1894E+01  0.1894E+01  0.3237E+02
   8.160  0.1868E+01  0.1868E+01  0.3240E+02
   8.170  0.1840E+01  0.1840E+01  0.3244E+02
   8.180  0.1803E+01  0.1803E+01  0.3248E+02
   8.190  0.1753E+01  0.1753E+01  0.3251E+02
   8.200  0.1713E+01  0.1713E+01  0.3255E+02
   8.210  0.1684E+01  0.1684E+01  0.3258E+02
   8.220  0.1689E+01  0.1689E+01  0.3262E+02
   8.230  0.1636E+01  0.1636E+01  0.3265E+02
   8.240  0.1605E+01  0.1605E+01  0.3268E+02
   8.250  0.1570E+01  0.1570E+01  0.3271E+02
   8.260  0.1620E+01  0.1620E+01  0.3274E+02
   8.270  0.1631E+01  0.1631E+01  0.3278E+02
   8.280  0.1657E+01  0.1657E+01  0.3281E+02
   8.290  0.1679E+01  0.1679E+01  0.3284E+02
   8.300  0.1701E+01  0.1701E+01  0.3288E+02
   8.310  0.1749E+01  0.1749E+01  0.3291E+02
   8.320  0.1822E+01  0.1822E+01  0.3295E+02
   8.330  0.1913E+01  0.1913E+01  0.3298E+02
   8.340  0.2028E+01  0.2028E+01  0.3302E+02
   8.350  0.2146E+01  0.2146E+01  0.3307E+02
   8.360  0.2314E+01  0.2314E+01  0.3311E+02
   8.370  0.2460E+01  0.2460E+01  0.3316E+02
   8.380  0.2732E+01  0.2732E+01  0.3321E+02
   8.390  0.2956E+01  0.2956E+01  0.3327E+02
   8.400  0.3115E+01  0.3115E+01  0.3333E+02
   8.410  0.3208E+01  0.3208E+01  0.3339E+02
   8.420  0.3218E+01  0.3218E+01  0.3346E+02
   8.430  0.3242E+01  0.3242E+01  0.3352E+02
   8.440  0.3137E+01  0.3137E+01  0.3358E+02
   8.450  0.3005E+01  0.3005E+01  0.3365E+02
   8.460  0.2785E+01  0.2785E+01  0.3370E+02
   8.470  0.2525E+01  0.2525E+01  0.3376E+02
   8.480  0.2094E+01  0.2094E+01  0.3380E+02
   8.490  0.1707E+01  0.1707E+01  0.3384E+02
   8.500  0.1492E+01  0.1492E+01  0.3387E+02
   8.510  0.1211E+01  0.1211E+01  0.3390E+02
   8.520  0.8909E+00  0.8909E+00  0.3392E+02
   8.530  0.6661E+00  0.6661E+00  0.3394E+02
   8.540  0.4960E+00  0.4960E+00  0.3395E+02
   8.550  0.3904E+00  0.3904E+00  0.3396E+02
   8.560  0.3558E+00  0.3558E+00  0.3396E+02
   8.570  0.3683E+00  0.3683E+00  0.3397E+02
   8.580  0.3526E+00  0.3526E+00  0.3398E+02
   8.590  0.3243E+00  0.3243E+00  0.3399E+02
   8.600  0.3118E+00  0.3118E+00  0.3399E+02
   8.610  0.6262E+00  0.6256E+00  0.3400E+02
   8.620  0.3427E+00  0.3427E+00  0.3401E+02
   8.630  0.3730E+00  0.3729E+00  0.3401E+02
   8.640  0.3907E+00  0.3907E+00  0.3402E+02
   8.650  0.4068E+00  0.4068E+00  0.3403E+02
   8.660  0.4573E+00  0.4572E+00  0.3404E+02
   8.670  0.6287E+00  0.6287E+00  0.3405E+02
   8.680  0.7182E+00  0.7182E+00  0.3406E+02
   8.690  0.8813E+00  0.8812E+00  0.3408E+02
   8.700  0.1074E+01  0.1074E+01  0.3410E+02
   8.710  0.1271E+01  0.1271E+01  0.3412E+02
   8.720  0.1445E+01  0.1445E+01  0.3415E+02
   8.730  0.1647E+01  0.1647E+01  0.3418E+02
   8.740  0.1764E+01  0.1764E+01  0.3422E+02
   8.750  0.1849E+01  0.1849E+01  0.3425E+02
   8.760  0.1919E+01  0.1919E+01  0.3429E+02
   8.770  0.2029E+01  0.2029E+01  0.3433E+02
   8.780  0.2185E+01  0.2185E+01  0.3437E+02
   8.790  0.2261E+01  0.2261E+01  0.3442E+02
   8.800  0.2369E+01  0.2369E+01  0.3446E+02
   8.810  0.2547E+01  0.2547E+01  0.3451E+02
   8.820  0.2581E+01  0.2581E+01  0.3456E+02
   8.830  0.2614E+01  0.2614E+01  0.3462E+02
   8.840  0.2679E+01  0.2679E+01  0.3467E+02
   8.850  0.2778E+01  0.2778E+01  0.3472E+02
   8.860  0.2878E+01  0.2878E+01  0.3478E+02
   8.870  0.3099E+01  0.3099E+01  0.3484E+02
   8.880  0.3099E+01  0.3099E+01  0.3490E+02
   8.890  0.3114E+01  0.3114E+01  0.3496E+02
   8.900  0.3152E+01  0.3152E+01  0.3503E+02
   8.910  0.3161E+01  0.3161E+01  0.3509E+02
   8.920  0.3120E+01  0.3120E+01  0.3515E+02
   8.930  0.3133E+01  0.3133E+01  0.3521E+02
   8.940  0.3185E+01  0.3185E+01  0.3528E+02
   8.950  0.2989E+01  0.2989E+01  0.3534E+02
   8.960  0.2926E+01  0.2926E+01  0.3540E+02
   8.970  0.2832E+01  0.2832E+01  0.3545E+02
   8.980  0.2734E+01  0.2734E+01  0.3551E+02
   8.990  0.2630E+01  0.2630E+01  0.3556E+02
   9.000  0.2551E+01  0.2551E+01  0.3562E+02
   9.010  0.2297E+01  0.2297E+01  0.3566E+02
   9.020  0.2091E+01  0.2091E+01  0.3571E+02
   9.030  0.1904E+01  0.1904E+01  0.3575E+02
   9.040  0.1735E+01  0.1735E+01  0.3578E+02
   9.050  0.1617E+01  0.1617E+01  0.3582E+02
   9.060  0.1504E+01  0.1504E+01  0.3585E+02
   9.070  0.1214E+01  0.1214E+01  0.3588E+02
   9.080  0.9680E+00  0.9680E+00  0.3590E+02
   9.090  0.8168E+00  0.8169E+00  0.3592E+02
   9.100  0.6942E+00  0.6942E+00  0.3593E+02
   9.110  0.5694E+00  0.5694E+00  0.3594E+02
   9.120  0.4673E+00  0.4673E+00  0.3595E+02
   9.130  0.3963E+00  0.3963E+00  0.3596E+02
   9.140  0.3408E+00  0.3409E+00  0.3597E+02
   9.150  0.2926E+00  0.2926E+00  0.3598E+02
   9.160  0.2495E+00  0.2495E+00  0.3598E+02
   9.170  0.2091E+00  0.2091E+00  0.3599E+02
   9.180  0.1714E+00  0.1714E+00  0.3599E+02
   9.190  0.1475E+00  0.1475E+00  0.3599E+02
   9.200  0.1294E+00  0.1294E+00  0.3600E+02
   9.210  0.1143E+00  0.1143E+00  0.3600E+02
   9.220  0.1020E+00  0.1020E+00  0.3600E+02
   9.230  0.9166E-01  0.9166E-01  0.3600E+02
   9.240  0.8310E-01  0.8310E-01  0.3600E+02
   9.250  0.7841E-01  0.7841E-01  0.3601E+02
   9.260  0.8247E-01  0.8247E-01  0.3601E+02
   9.270  0.9396E-01  0.9396E-01  0.3601E+02
   9.280  0.1087E+00  0.1087E+00  0.3601E+02
   9.290  0.1262E+00  0.1262E+00  0.3601E+02
   9.300  0.1468E+00  0.1468E+00  0.3602E+02
   9.310  0.1714E+00  0.1714E+00  0.3602E+02
   9.320  0.2000E+00  0.2000E+00  0.3602E+02
   9.330  0.2309E+00  0.2309E+00  0.3603E+02
   9.340  0.2631E+00  0.2631E+00  0.3603E+02
   9.350  0.2961E+00  0.2961E+00  0.3604E+02
   9.360  0.3299E+00  0.3299E+00  0.3604E+02
   9.370  0.3623E+00  0.3623E+00  0.3605E+02
   9.380  0.3887E+00  0.3887E+00  0.3606E+02
   9.390  0.3859E+00  0.3859E+00  0.3607E+02
   9.400  0.4013E+00  0.4013E+00  0.3607E+02
   9.410  0.4161E+00  0.4161E+00  0.3608E+02
   9.420  0.4307E+00  0.4307E+00  0.3609E+02
   9.430  0.4452E+00  0.4452E+00  0.3610E+02
   9.440  0.4385E+00  0.4385E+00  0.3611E+02
   9.450  0.4221E+00  0.4221E+00  0.3612E+02
   9.460  0.4435E+00  0.4435E+00  0.3613E+02
   9.470  0.4669E+00  0.4669E+00  0.3613E+02
   9.480  0.4789E+00  0.4789E+00  0.3614E+02
   9.490  0.4833E+00  0.4833E+00  0.3615E+02
   9.500  0.4846E+00  0.4846E+00  0.3616E+02
   9.510  0.4829E+00  0.4829E+00  0.3617E+02
   9.520  0.4798E+00  0.4798E+00  0.3618E+02
   9.530  0.4857E+00  0.4857E+00  0.3619E+02
   9.540  0.4947E+00  0.4947E+00  0.3620E+02
   9.550  0.5055E+00  0.5055E+00  0.3621E+02
   9.560  0.5172E+00  0.5172E+00  0.3622E+02
   9.570  0.5297E+00  0.5297E+00  0.3623E+02
   9.580  0.5429E+00  0.5429E+00  0.3624E+02
   9.590  0.5570E+00  0.5570E+00  0.3625E+02
   9.600  0.5736E+00  0.5736E+00  0.3627E+02
   9.610  0.5991E+00  0.5991E+00  0.3628E+02
   9.620  0.6398E+00  0.6398E+00  0.3629E+02
   9.630  0.7004E+00  0.7004E+00  0.3630E+02
   9.640  0.7182E+00  0.7182E+00  0.3632E+02
   9.650  0.7339E+00  0.7339E+00  0.3633E+02
   9.660  0.7521E+00  0.7521E+00  0.3635E+02
   9.670  0.7525E+00  0.7525E+00  0.3636E+02
   9.680  0.7771E+00  0.7771E+00  0.3638E+02
   9.690  0.8044E+00  0.8044E+00  0.3639E+02
   9.700  0.8346E+00  0.8346E+00  0.3641E+02
   9.710  0.8690E+00  0.8690E+00  0.3643E+02
   9.720  0.9071E+00  0.9071E+00  0.3644E+02
   9.730  0.9476E+00  0.9476E+00  0.3646E+02
   9.740  0.9991E+00  0.9991E+00  0.3648E+02
   9.750  0.1067E+01  0.1067E+01  0.3650E+02
   9.760  0.1149E+01  0.1149E+01  0.3653E+02
   9.770  0.1309E+01  0.1309E+01  0.3655E+02
   9.780  0.1332E+01  0.1332E+01  0.3658E+02
   9.790  0.1392E+01  0.1392E+01  0.3660E+02
   9.800  0.1460E+01  0.1460E+01  0.3663E+02
   9.810  0.1552E+01  0.1552E+01  0.3666E+02
   9.820  0.1657E+01  0.1657E+01  0.3669E+02
   9.830  0.1768E+01  0.1768E+01  0.3673E+02
   9.840  0.1886E+01  0.1886E+01  0.3677E+02
   9.850  0.1859E+01  0.1859E+01  0.3680E+02
   9.860  0.1853E+01  0.1853E+01  0.3684E+02
   9.870  0.1842E+01  0.1842E+01  0.3688E+02
   9.880  0.1835E+01  0.1835E+01  0.3691E+02
   9.890  0.1856E+01  0.1856E+01  0.3695E+02
   9.900  0.1876E+01  0.1876E+01  0.3699E+02
   9.910  0.1900E+01  0.1900E+01  0.3703E+02
   9.920  0.1923E+01  0.1923E+01  0.3706E+02
   9.930  0.1931E+01  0.1931E+01  0.3710E+02
   9.940  0.1930E+01  0.1930E+01  0.3714E+02
   9.950  0.1949E+01  0.1949E+01  0.3718E+02
   9.960  0.1981E+01  0.1981E+01  0.3722E+02
   9.970  0.2003E+01  0.2003E+01  0.3726E+02
   9.980  0.2010E+01  0.2010E+01  0.3730E+02
   9.990  0.2009E+01  0.2009E+01  0.3734E+02
  10.000  0.1993E+01  0.1993E+01  0.3738E+02
  10.010  0.2041E+01  0.2041E+01  0.3742E+02
  10.020  0.2105E+01  0.2105E+01  0.3746E+02
  10.030  0.2048E+01  0.2048E+01  0.3750E+02
  10.040  0.1891E+01  0.1891E+01  0.3754E+02
  10.050  0.1638E+01  0.1638E+01  0.3758E+02
  10.060  0.1368E+01  0.1368E+01  0.3761E+02
  10.070  0.1248E+01  0.1248E+01  0.3763E+02
  10.080  0.1151E+01  0.1151E+01  0.3766E+02
  10.090  0.1059E+01  0.1059E+01  0.3768E+02
  10.100  0.9025E+00  0.9025E+00  0.3770E+02
  10.110  0.7804E+00  0.7804E+00  0.3772E+02
  10.120  0.7199E+00  0.7199E+00  0.3773E+02
  10.130  0.6933E+00  0.6933E+00  0.3775E+02
  10.140  0.6891E+00  0.6891E+00  0.3776E+02
  10.150  0.7041E+00  0.7041E+00  0.3777E+02
  10.160  0.7652E+00  0.7652E+00  0.3779E+02
  10.170  0.8194E+00  0.8194E+00  0.3780E+02
  10.180  0.8680E+00  0.8680E+00  0.3782E+02
  10.190  0.1032E+01  0.1032E+01  0.3784E+02
  10.200  0.1327E+01  0.1327E+01  0.3786E+02
  10.210  0.1695E+01  0.1695E+01  0.3789E+02
  10.220  0.2221E+01  0.2221E+01  0.3793E+02
  10.230  0.2558E+01  0.2558E+01  0.3798E+02
  10.240  0.2832E+01  0.2832E+01  0.3803E+02
  10.250  0.3037E+01  0.3037E+01  0.3809E+02
  10.260  0.3099E+01  0.3099E+01  0.3815E+02
  10.270  0.3041E+01  0.3041E+01  0.3822E+02
  10.280  0.3063E+01  0.3063E+01  0.3828E+02
  10.290  0.3073E+01  0.3073E+01  0.3834E+02
  10.300  0.3015E+01  0.3015E+01  0.3840E+02
  10.310  0.3048E+01  0.3048E+01  0.3846E+02
  10.320  0.3068E+01  0.3068E+01  0.3852E+02
  10.330  0.3092E+01  0.3092E+01  0.3858E+02
  10.340  0.3091E+01  0.3091E+01  0.3864E+02
  10.350  0.3086E+01  0.3086E+01  0.3871E+02
  10.360  0.3142E+01  0.3142E+01  0.3877E+02
  10.370  0.3194E+01  0.3194E+01  0.3883E+02
  10.380  0.3317E+01  0.3317E+01  0.3890E+02
  10.390  0.3625E+01  0.3625E+01  0.3897E+02
  10.400  0.4004E+01  0.4004E+01  0.3904E+02
  10.410  0.4283E+01  0.4283E+01  0.3912E+02
  10.420  0.4620E+01  0.4620E+01  0.3921E+02
  10.430  0.4463E+01  0.4463E+01  0.3930E+02
  10.440  0.4144E+01  0.4144E+01  0.3939E+02
  10.450  0.3835E+01  0.3835E+01  0.3947E+02
  10.460  0.3515E+01  0.3515E+01  0.3954E+02
  10.470  0.3218E+01  0.3218E+01  0.3961E+02
  10.480  0.2987E+01  0.2987E+01  0.3967E+02
  10.490  0.2826E+01  0.2826E+01  0.3973E+02
  10.500  0.2819E+01  0.2819E+01  0.3979E+02
  10.510  0.2560E+01  0.2560E+01  0.3984E+02
  10.520  0.2513E+01  0.2513E+01  0.3989E+02
  10.530  0.2524E+01  0.2524E+01  0.3994E+02
  10.540  0.2555E+01  0.2555E+01  0.3999E+02
  10.550  0.2707E+01  0.2707E+01  0.4004E+02
  10.560  0.2849E+01  0.2849E+01  0.4010E+02
  10.570  0.2738E+01  0.2738E+01  0.4016E+02
  10.580  0.2594E+01  0.2594E+01  0.4021E+02
  10.590  0.2545E+01  0.2545E+01  0.4026E+02
  10.600  0.2547E+01  0.2547E+01  0.4031E+02
  10.610  0.2554E+01  0.2554E+01  0.4036E+02
  10.620  0.2571E+01  0.2571E+01  0.4041E+02
  10.630  0.2624E+01  0.2624E+01  0.4047E+02
  10.640  0.2657E+01  0.2657E+01  0.4052E+02
  10.650  0.2700E+01  0.2700E+01  0.4057E+02
  10.660  0.2821E+01  0.2821E+01  0.4063E+02
  10.670  0.2885E+01  0.2885E+01  0.4068E+02
  10.680  0.3008E+01  0.3008E+01  0.4074E+02
  10.690  0.3172E+01  0.3172E+01  0.4080E+02
  10.700  0.3162E+01  0.3162E+01  0.4087E+02
  10.710  0.3017E+01  0.3017E+01  0.4093E+02
  10.720  0.2823E+01  0.2823E+01  0.4099E+02
  10.730  0.2834E+01  0.2834E+01  0.4105E+02
  10.740  0.2811E+01  0.2811E+01  0.4110E+02
  10.750  0.2727E+01  0.2727E+01  0.4116E+02
  10.760  0.2527E+01  0.2527E+01  0.4121E+02
  10.770  0.2358E+01  0.2358E+01  0.4126E+02
  10.780  0.2240E+01  0.2240E+01  0.4131E+02
  10.790  0.2144E+01  0.2144E+01  0.4135E+02
  10.800  0.2065E+01  0.2065E+01  0.4139E+02
  10.810  0.2028E+01  0.2028E+01  0.4143E+02
  10.820  0.2011E+01  0.2011E+01  0.4147E+02
  10.830  0.2010E+01  0.2010E+01  0.4151E+02
  10.840  0.2013E+01  0.2013E+01  0.4155E+02
  10.850  0.2006E+01  0.2006E+01  0.4159E+02
  10.860  0.1980E+01  0.1980E+01  0.4163E+02
  10.870  0.1959E+01  0.1959E+01  0.4167E+02
  10.880  0.1933E+01  0.1933E+01  0.4171E+02
  10.890  0.1901E+01  0.1901E+01  0.4175E+02
  10.900  0.1881E+01  0.1881E+01  0.4179E+02
  10.910  0.1873E+01  0.1873E+01  0.4182E+02
  10.920  0.1866E+01  0.1866E+01  0.4186E+02
  10.930  0.1860E+01  0.1860E+01  0.4190E+02
  10.940  0.1890E+01  0.1890E+01  0.4194E+02
  10.950  0.1944E+01  0.1944E+01  0.4198E+02
  10.960  0.1976E+01  0.1976E+01  0.4201E+02
  10.970  0.2004E+01  0.2004E+01  0.4205E+02
  10.980  0.2024E+01  0.2024E+01  0.4209E+02
  10.990  0.2024E+01  0.2024E+01  0.4213E+02
  11.000  0.1992E+01  0.1992E+01  0.4218E+02
  11.010  0.1947E+01  0.1947E+01  0.4221E+02
  11.020  0.1902E+01  0.1902E+01  0.4225E+02
  11.030  0.1858E+01  0.1858E+01  0.4229E+02
  11.040  0.1808E+01  0.1808E+01  0.4233E+02
  11.050  0.1758E+01  0.1758E+01  0.4236E+02
  11.060  0.1723E+01  0.1723E+01  0.4240E+02
  11.070  0.1687E+01  0.1687E+01  0.4243E+02
  11.080  0.1630E+01  0.1630E+01  0.4247E+02
  11.090  0.1595E+01  0.1595E+01  0.4250E+02
  11.100  0.1566E+01  0.1566E+01  0.4253E+02
  11.110  0.1539E+01  0.1539E+01  0.4256E+02
  11.120  0.1513E+01  0.1513E+01  0.4259E+02
  11.130  0.1486E+01  0.1486E+01  0.4262E+02
  11.140  0.1461E+01  0.1461E+01  0.4265E+02
  11.150  0.1435E+01  0.1435E+01  0.4268E+02
  11.160  0.1410E+01  0.1410E+01  0.4271E+02
  11.170  0.1387E+01  0.1387E+01  0.4274E+02
  11.180  0.1363E+01  0.1363E+01  0.4276E+02
  11.190  0.1341E+01  0.1341E+01  0.4279E+02
  11.200  0.1325E+01  0.1325E+01  0.4282E+02
  11.210  0.1310E+01  0.1310E+01  0.4284E+02
  11.220  0.1296E+01  0.1296E+01  0.4287E+02
  11.230  0.1283E+01  0.1283E+01  0.4289E+02
  11.240  0.1277E+01  0.1277E+01  0.4292E+02
  11.250  0.1267E+01  0.1267E+01  0.4295E+02
  11.260  0.1249E+01  0.1249E+01  0.4297E+02
  11.270  0.1230E+01  0.1230E+01  0.4300E+02
  11.280  0.1217E+01  0.1217E+01  0.4302E+02
  11.290  0.1205E+01  0.1205E+01  0.4304E+02
  11.300  0.1193E+01  0.1193E+01  0.4307E+02
  11.310  0.1181E+01  0.1181E+01  0.4309E+02
  11.320  0.1170E+01  0.1170E+01  0.4312E+02
  11.330  0.1158E+01  0.1158E+01  0.4314E+02
  11.340  0.1148E+01  0.1148E+01  0.4316E+02
  11.350  0.1140E+01  0.1140E+01  0.4318E+02
  11.360  0.1166E+01  0.1166E+01  0.4321E+02
  11.370  0.1192E+01  0.1192E+01  0.4323E+02
  11.380  0.1246E+01  0.1246E+01  0.4326E+02
  11.390  0.1288E+01  0.1288E+01  0.4328E+02
  11.400  0.1304E+01  0.1304E+01  0.4331E+02
  11.410  0.1380E+01  0.1380E+01  0.4333E+02
  11.420  0.1367E+01  0.1367E+01  0.4336E+02
  11.430  0.1340E+01  0.1340E+01  0.4339E+02
  11.440  0.1299E+01  0.1299E+01  0.4342E+02
  11.450  0.1237E+01  0.1237E+01  0.4344E+02
  11.460  0.1134E+01  0.1134E+01  0.4346E+02
  11.470  0.1032E+01  0.1032E+01  0.4349E+02
  11.480  0.1013E+01  0.1013E+01  0.4351E+02
  11.490  0.1007E+01  0.1007E+01  0.4353E+02
  11.500  0.1002E+01  0.1002E+01  0.4355E+02
  11.510  0.9939E+00  0.9939E+00  0.4357E+02
  11.520  0.1001E+01  0.1001E+01  0.4359E+02
  11.530  0.1023E+01  0.1023E+01  0.4361E+02
  11.540  0.1043E+01  0.1043E+01  0.4363E+02
  11.550  0.1054E+01  0.1054E+01  0.4365E+02
  11.560  0.1082E+01  0.1082E+01  0.4367E+02
  11.570  0.1127E+01  0.1127E+01  0.4369E+02
  11.580  0.1182E+01  0.1182E+01  0.4371E+02
  11.590  0.1236E+01  0.1236E+01  0.4374E+02
  11.600  0.1284E+01  0.1284E+01  0.4376E+02
  11.610  0.1320E+01  0.1320E+01  0.4379E+02
  11.620  0.1347E+01  0.1347E+01  0.4382E+02
  11.630  0.1378E+01  0.1378E+01  0.4384E+02
  11.640  0.1405E+01  0.1405E+01  0.4387E+02
  11.650  0.1376E+01  0.1376E+01  0.4390E+02
  11.660  0.1374E+01  0.1374E+01  0.4393E+02
  11.670  0.1396E+01  0.1396E+01  0.4396E+02
  11.680  0.1413E+01  0.1413E+01  0.4398E+02
  11.690  0.1432E+01  0.1432E+01  0.4401E+02
  11.700  0.1523E+01  0.1523E+01  0.4404E+02
  11.710  0.1791E+01  0.1791E+01  0.4408E+02
  11.720  0.1768E+01  0.1768E+01  0.4411E+02
  11.730  0.1753E+01  0.1753E+01  0.4415E+02
  11.740  0.1744E+01  0.1744E+01  0.4418E+02
  11.750  0.1737E+01  0.1737E+01  0.4422E+02
  11.760  0.1705E+01  0.1705E+01  0.4425E+02
  11.770  0.1599E+01  0.1599E+01  0.4428E+02
  11.780  0.1501E+01  0.1501E+01  0.4431E+02
  11.790  0.1461E+01  0.1461E+01  0.4434E+02
  11.800  0.1431E+01  0.1431E+01  0.4437E+02
  11.810  0.1430E+01  0.1430E+01  0.4440E+02
  11.820  0.1484E+01  0.1484E+01  0.4443E+02
  11.830  0.1534E+01  0.1534E+01  0.4446E+02
  11.840  0.1577E+01  0.1577E+01  0.4449E+02
  11.850  0.1614E+01  0.1614E+01  0.4452E+02
  11.860  0.1593E+01  0.1593E+01  0.4456E+02
  11.870  0.1592E+01  0.1592E+01  0.4459E+02
  11.880  0.1596E+01  0.1596E+01  0.4462E+02
  11.890  0.1607E+01  0.1607E+01  0.4465E+02
  11.900  0.1625E+01  0.1625E+01  0.4468E+02
  11.910  0.1661E+01  0.1661E+01  0.4472E+02
  11.920  0.1713E+01  0.1713E+01  0.4475E+02
  11.930  0.1745E+01  0.1745E+01  0.4479E+02
  11.940  0.1770E+01  0.1770E+01  0.4482E+02
  11.950  0.1792E+01  0.1792E+01  0.4486E+02
  11.960  0.1826E+01  0.1826E+01  0.4489E+02
  11.970  0.1877E+01  0.1877E+01  0.4493E+02
  11.980  0.1926E+01  0.1926E+01  0.4497E+02
  11.990  0.1967E+01  0.1967E+01  0.4501E+02
  12.000  0.1997E+01  0.1997E+01  0.4505E+02
  12.010  0.2064E+01  0.2064E+01  0.4509E+02
  12.020  0.2135E+01  0.2135E+01  0.4513E+02
  12.030  0.2187E+01  0.2187E+01  0.4517E+02
  12.040  0.2232E+01  0.2232E+01  0.4522E+02
  12.050  0.2276E+01  0.2276E+01  0.4526E+02
  12.060  0.2326E+01  0.2327E+01  0.4531E+02
  12.070  0.2371E+01  0.2371E+01  0.4535E+02
  12.080  0.2407E+01  0.2407E+01  0.4540E+02
  12.090  0.2441E+01  0.2441E+01  0.4545E+02
  12.100  0.2490E+01  0.2490E+01  0.4550E+02
  12.110  0.2574E+01  0.2574E+01  0.4555E+02
  12.120  0.2668E+01  0.2668E+01  0.4560E+02
  12.130  0.2799E+01  0.2799E+01  0.4566E+02
  12.140  0.2905E+01  0.2905E+01  0.4571E+02
  12.150  0.2890E+01  0.2890E+01  0.4577E+02
  12.160  0.2826E+01  0.2826E+01  0.4583E+02
  12.170  0.2811E+01  0.2811E+01  0.4589E+02
  12.180  0.2797E+01  0.2797E+01  0.4594E+02
  12.190  0.2788E+01  0.2788E+01  0.4600E+02
  12.200  0.2815E+01  0.2815E+01  0.4605E+02
  12.210  0.2854E+01  0.2854E+01  0.4611E+02
  12.220  0.2885E+01  0.2885E+01  0.4617E+02
  12.230  0.2924E+01  0.2924E+01  0.4623E+02
  12.240  0.3011E+01  0.3011E+01  0.4629E+02
  12.250  0.3028E+01  0.3028E+01  0.4635E+02
  12.260  0.3022E+01  0.3022E+01  0.4641E+02
  12.270  0.2983E+01  0.2983E+01  0.4647E+02
  12.280  0.2941E+01  0.2941E+01  0.4653E+02
  12.290  0.2872E+01  0.2872E+01  0.4658E+02
  12.300  0.2825E+01  0.2825E+01  0.4664E+02
  12.310  0.2784E+01  0.2784E+01  0.4670E+02
  12.320  0.2776E+01  0.2776E+01  0.4675E+02
  12.330  0.2637E+01  0.2637E+01  0.4681E+02
  12.340  0.2555E+01  0.2555E+01  0.4686E+02
  12.350  0.2527E+01  0.2527E+01  0.4691E+02
  12.360  0.2456E+01  0.2456E+01  0.4696E+02
  12.370  0.2408E+01  0.2408E+01  0.4701E+02
  12.380  0.2389E+01  0.2389E+01  0.4706E+02
  12.390  0.2390E+01  0.2390E+01  0.4710E+02
  12.400  0.2342E+01  0.2342E+01  0.4715E+02
  12.410  0.2249E+01  0.2249E+01  0.4720E+02
  12.420  0.2225E+01  0.2225E+01  0.4724E+02
  12.430  0.2215E+01  0.2215E+01  0.4729E+02
  12.440  0.2202E+01  0.2202E+01  0.4733E+02
  12.450  0.2187E+01  0.2187E+01  0.4737E+02
  12.460  0.2107E+01  0.2107E+01  0.4742E+02
  12.470  0.2055E+01  0.2055E+01  0.4746E+02
  12.480  0.1979E+01  0.1979E+01  0.4750E+02
  12.490  0.1860E+01  0.1860E+01  0.4754E+02
  12.500  0.1602E+01  0.1602E+01  0.4757E+02
  12.510  0.1471E+01  0.1471E+01  0.4760E+02
  12.520  0.1372E+01  0.1372E+01  0.4763E+02
  12.530  0.1298E+01  0.1298E+01  0.4766E+02
  12.540  0.1247E+01  0.1247E+01  0.4768E+02
  12.550  0.1214E+01  0.1214E+01  0.4771E+02
  12.560  0.1187E+01  0.1187E+01  0.4773E+02
  12.570  0.1158E+01  0.1158E+01  0.4776E+02
  12.580  0.1170E+01  0.1170E+01  0.4778E+02
  12.590  0.9912E+00  0.9912E+00  0.4780E+02
  12.600  0.7678E+00  0.7678E+00  0.4782E+02
  12.610  0.7066E+00  0.7066E+00  0.4783E+02
  12.620  0.6942E+00  0.6942E+00  0.4785E+02
  12.630  0.6484E+00  0.6484E+00  0.4786E+02
  12.640  0.5986E+00  0.5986E+00  0.4787E+02
  12.650  0.5496E+00  0.5496E+00  0.4788E+02
  12.660  0.5040E+00  0.5040E+00  0.4789E+02
  12.670  0.4626E+00  0.4626E+00  0.4790E+02
  12.680  0.4328E+00  0.4328E+00  0.4791E+02
  12.690  0.4173E+00  0.4173E+00  0.4792E+02
  12.700  0.3808E+00  0.3808E+00  0.4793E+02
  12.710  0.3497E+00  0.3497E+00  0.4794E+02
  12.720  0.3211E+00  0.3211E+00  0.4794E+02
  12.730  0.2960E+00  0.2960E+00  0.4795E+02
  12.740  0.2728E+00  0.2728E+00  0.4796E+02
  12.750  0.2513E+00  0.2513E+00  0.4796E+02
  12.760  0.2307E+00  0.2307E+00  0.4797E+02
  12.770  0.2111E+00  0.2111E+00  0.4797E+02
  12.780  0.1924E+00  0.1924E+00  0.4797E+02
  12.790  0.1740E+00  0.1740E+00  0.4798E+02
  12.800  0.1561E+00  0.1561E+00  0.4798E+02
  12.810  0.1422E+00  0.1422E+00  0.4798E+02
  12.820  0.1288E+00  0.1288E+00  0.4799E+02
  12.830  0.1150E+00  0.1150E+00  0.4799E+02
  12.840  0.1014E+00  0.1014E+00  0.4799E+02
  12.850  0.8813E-01  0.8813E-01  0.4799E+02
  12.860  0.7510E-01  0.7510E-01  0.4800E+02
  12.870  0.6232E-01  0.6232E-01  0.4800E+02
  12.880  0.4978E-01  0.4978E-01  0.4800E+02
  12.890  0.3595E-01  0.3595E-01  0.4800E+02
  12.900  0.2660E-01  0.2660E-01  0.4800E+02
  12.910  0.1912E-01  0.1912E-01  0.4800E+02
  12.920  0.3765E-02  0.3765E-02  0.4800E+02
  12.930  0.1629E-02  0.1628E-02  0.4800E+02
  12.940  0.3745E-03  0.3745E-03  0.4800E+02
  12.950  0.0000E+00  0.0000E+00  0.4800E+02
  12.960  0.0000E+00  0.0000E+00  0.4800E+02
  12.970  0.0000E+00  0.0000E+00  0.4800E+02
  12.980  0.0000E+00  0.0000E+00  0.4800E+02
  12.990  0.0000E+00  0.0000E+00  0.4800E+02
  13.000  0.0000E+00  0.0000E+00  0.4800E+02
  13.010  0.0000E+00  0.0000E+00  0.4800E+02
  13.020  0.0000E+00  0.0000E+00  0.4800E+02
  13.030  0.0000E+00  0.0000E+00  0.4800E+02
  13.040  0.0000E+00  0.0000E+00  0.4800E+02
  13.050  0.0000E+00  0.0000E+00  0.4800E+02
  13.060  0.0000E+00  0.0000E+00  0.4800E+02
  13.070  0.0000E+00  0.0000E+00  0.4800E+02
  13.080  0.0000E+00  0.0000E+00  0.4800E+02
  13.090  0.0000E+00  0.0000E+00  0.4800E+02
  13.100  0.0000E+00  0.0000E+00  0.4800E+02
  13.110  0.0000E+00  0.0000E+00  0.4800E+02
  13.120  0.0000E+00  0.0000E+00  0.4800E+02
  13.130  0.0000E+00  0.0000E+00  0.4800E+02
  13.140  0.0000E+00  0.0000E+00  0.4800E+02
  13.150  0.0000E+00  0.0000E+00  0.4800E+02
  13.160  0.0000E+00  0.0000E+00  0.4800E+02
  13.170  0.0000E+00  0.0000E+00  0.4800E+02
  13.180  0.0000E+00  0.0000E+00  0.4800E+02
  13.190  0.0000E+00  0.0000E+00  0.4800E+02
  13.200  0.0000E+00  0.0000E+00  0.4800E+02
  13.210  0.0000E+00  0.0000E+00  0.4800E+02
  13.220  0.0000E+00  0.0000E+00  0.4800E+02
  13.230  0.0000E+00  0.0000E+00  0.4800E+02
  13.240  0.0000E+00  0.0000E+00  0.4800E+02
  13.250  0.0000E+00  0.0000E+00  0.4800E+02
  13.260  0.0000E+00  0.0000E+00  0.4800E+02
  13.270  0.0000E+00  0.0000E+00  0.4800E+02
  13.280  0.0000E+00  0.0000E+00  0.4800E+02
  13.290  0.0000E+00  0.0000E+00  0.4800E+02
  13.300  0.0000E+00  0.0000E+00  0.4800E+02
  13.310  0.0000E+00  0.0000E+00  0.4800E+02
  13.320  0.0000E+00  0.0000E+00  0.4800E+02
  13.330  0.0000E+00  0.0000E+00  0.4800E+02
  13.340  0.0000E+00  0.0000E+00  0.4800E+02
  13.350  0.0000E+00  0.0000E+00  0.4800E+02
  13.360  0.0000E+00  0.0000E+00  0.4800E+02
  13.370  0.0000E+00  0.0000E+00  0.4800E+02
  13.380  0.0000E+00  0.0000E+00  0.4800E+02
  13.390  0.0000E+00  0.0000E+00  0.4800E+02
  13.400  0.0000E+00  0.0000E+00  0.4800E+02
  13.410  0.0000E+00  0.0000E+00  0.4800E+02
  13.420  0.0000E+00  0.0000E+00  0.4800E+02
  13.430  0.0000E+00  0.0000E+00  0.4800E+02
  13.440  0.0000E+00  0.0000E+00  0.4800E+02
  13.450  0.0000E+00  0.0000E+00  0.4800E+02
  13.460  0.0000E+00  0.0000E+00  0.4800E+02
  13.470  0.0000E+00  0.0000E+00  0.4800E+02
  13.480  0.0000E+00  0.0000E+00  0.4800E+02
  13.490  0.0000E+00  0.0000E+00  0.4800E+02
  13.500  0.0000E+00  0.0000E+00  0.4800E+02
  13.510  0.0000E+00  0.0000E+00  0.4800E+02
  13.520  0.0000E+00  0.0000E+00  0.4800E+02
  13.530  0.0000E+00  0.0000E+00  0.4800E+02
  13.540  0.0000E+00  0.0000E+00  0.4800E+02
  13.550  0.0000E+00  0.0000E+00  0.4800E+02
  13.560  0.0000E+00  0.0000E+00  0.4800E+02
  13.570  0.0000E+00  0.0000E+00  0.4800E+02
  13.580  0.0000E+00  0.0000E+00  0.4800E+02
  13.590  0.0000E+00  0.0000E+00  0.4800E+02
  13.600  0.0000E+00  0.0000E+00  0.4800E+02
  13.610  0.0000E+00  0.0000E+00  0.4800E+02
  13.620  0.0000E+00  0.0000E+00  0.4800E+02
  13.630  0.0000E+00  0.0000E+00  0.4800E+02
  13.640  0.0000E+00  0.0000E+00  0.4800E+02
  13.650  0.0000E+00  0.0000E+00  0.4800E+02
  13.660  0.0000E+00  0.0000E+00  0.4800E+02
  13.670  0.0000E+00  0.0000E+00  0.4800E+02
  13.680  0.0000E+00  0.0000E+00  0.4800E+02
  13.690  0.0000E+00  0.0000E+00  0.4800E+02
  13.700  0.0000E+00  0.0000E+00  0.4800E+02
  13.710  0.0000E+00  0.0000E+00  0.4800E+02
  13.720  0.0000E+00  0.0000E+00  0.4800E+02
  13.730  0.0000E+00  0.0000E+00  0.4800E+02
  13.740  0.0000E+00  0.0000E+00  0.4800E+02
  13.750  0.0000E+00  0.0000E+00  0.4800E+02
  13.760  0.0000E+00  0.0000E+00  0.4800E+02
  13.770  0.0000E+00  0.0000E+00  0.4800E+02
  13.780  0.0000E+00  0.0000E+00  0.4800E+02
  13.790  0.0000E+00  0.0000E+00  0.4800E+02
  13.800  0.0000E+00  0.0000E+00  0.4800E+02
  13.810  0.0000E+00  0.0000E+00  0.4800E+02
  13.820  0.0000E+00  0.0000E+00  0.4800E+02
  13.830  0.0000E+00  0.0000E+00  0.4800E+02
  13.840  0.0000E+00  0.0000E+00  0.4800E+02
  13.850  0.0000E+00  0.0000E+00  0.4800E+02
  13.860  0.0000E+00  0.0000E+00  0.4800E+02
  13.870  0.0000E+00  0.0000E+00  0.4800E+02
  13.880  0.0000E+00  0.0000E+00  0.4800E+02
  13.890  0.0000E+00  0.0000E+00  0.4800E+02
  13.900  0.0000E+00  0.0000E+00  0.4800E+02
  13.910  0.0000E+00  0.0000E+00  0.4800E+02
  13.920  0.0000E+00  0.0000E+00  0.4800E+02
  13.930  0.0000E+00  0.0000E+00  0.4800E+02
  13.940  0.0000E+00  0.0000E+00  0.4800E+02
  13.950  0.0000E+00  0.0000E+00  0.4800E+02
  13.960  0.0000E+00  0.0000E+00  0.4800E+02
  13.970  0.0000E+00  0.0000E+00  0.4800E+02
  13.980  0.0000E+00  0.0000E+00  0.4800E+02
  13.990  0.0000E+00  0.0000E+00  0.4800E+02
  14.000  0.0000E+00  0.0000E+00  0.4800E+02
  14.010  0.0000E+00  0.0000E+00  0.4800E+02
  14.020  0.0000E+00  0.0000E+00  0.4800E+02
  14.030  0.0000E+00  0.0000E+00  0.4800E+02
  14.040  0.0000E+00  0.0000E+00  0.4800E+02
  14.050  0.0000E+00  0.0000E+00  0.4800E+02
  14.060  0.0000E+00  0.0000E+00  0.4800E+02
  14.070  0.0000E+00  0.0000E+00  0.4800E+02
  14.080  0.0000E+00  0.0000E+00  0.4800E+02
  14.090  0.0000E+00  0.0000E+00  0.4800E+02
  14.100  0.0000E+00  0.0000E+00  0.4800E+02
  14.110  0.0000E+00  0.0000E+00  0.4800E+02
  14.120  0.0000E+00  0.0000E+00  0.4800E+02
  14.130  0.0000E+00  0.0000E+00  0.4800E+02
  14.140  0.0000E+00  0.0000E+00  0.4800E+02
  14.150  0.0000E+00  0.0000E+00  0.4800E+02
  14.160  0.0000E+00  0.0000E+00  0.4800E+02
  14.170  0.0000E+00  0.0000E+00  0.4800E+02
  14.180  0.0000E+00  0.0000E+00  0.4800E+02
  14.190  0.0000E+00  0.0000E+00  0.4800E+02
  14.200  0.0000E+00  0.0000E+00  0.4800E+02
  14.210  0.0000E+00  0.0000E+00  0.4800E+02
  14.220  0.0000E+00  0.0000E+00  0.4800E+02
  14.230  0.0000E+00  0.0000E+00  0.4800E+02
  14.240  0.0000E+00  0.0000E+00  0.4800E+02
  14.250  0.0000E+00  0.0000E+00  0.4800E+02
  14.260  0.0000E+00  0.0000E+00  0.4800E+02
  14.270  0.0000E+00  0.0000E+00  0.4800E+02
  14.280  0.0000E+00  0.0000E+00  0.4800E+02
  14.290  0.0000E+00  0.0000E+00  0.4800E+02
  14.300  0.0000E+00  0.0000E+00  0.4800E+02
  14.310  0.0000E+00  0.0000E+00  0.4800E+02
  14.320  0.0000E+00  0.0000E+00  0.4800E+02
  14.330  0.0000E+00  0.0000E+00  0.4800E+02
  14.340  0.0000E+00  0.0000E+00  0.4800E+02
  14.350  0.0000E+00  0.0000E+00  0.4800E+02
  14.360  0.0000E+00  0.0000E+00  0.4800E+02
  14.370  0.0000E+00  0.0000E+00  0.4800E+02
  14.380  0.0000E+00  0.0000E+00  0.4800E+02
  14.390  0.0000E+00  0.0000E+00  0.4800E+02
  14.400  0.0000E+00  0.0000E+00  0.4800E+02
  14.410  0.0000E+00  0.0000E+00  0.4800E+02
  14.420  0.0000E+00  0.0000E+00  0.4800E+02
  14.430  0.0000E+00  0.0000E+00  0.4800E+02
  14.440  0.0000E+00  0.0000E+00  0.4800E+02
  14.450  0.0000E+00  0.0000E+00  0.4800E+02
  14.460  0.0000E+00  0.0000E+00  0.4800E+02
  14.470  0.0000E+00  0.0000E+00  0.4800E+02
  14.480  0.0000E+00  0.0000E+00  0.4800E+02
  14.490  0.0000E+00  0.0000E+00  0.4800E+02
  14.500  0.0000E+00  0.0000E+00  0.4800E+02
  14.510  0.0000E+00  0.0000E+00  0.4800E+02
  14.520  0.0000E+00  0.0000E+00  0.4800E+02
  14.530  0.0000E+00  0.0000E+00  0.4800E+02
  14.540  0.0000E+00  0.0000E+00  0.4800E+02
  14.550  0.0000E+00  0.0000E+00  0.4800E+02
  14.560  0.0000E+00  0.0000E+00  0.4800E+02
  14.570  0.0000E+00  0.0000E+00  0.4800E+02
  14.580  0.0000E+00  0.0000E+00  0.4800E+02
  14.590  0.0000E+00  0.0000E+00  0.4800E+02
  14.600  0.0000E+00  0.0000E+00  0.4800E+02
  14.610  0.0000E+00  0.0000E+00  0.4800E+02
  14.620  0.0000E+00  0.0000E+00  0.4800E+02
  14.630  0.0000E+00  0.0000E+00  0.4800E+02
  14.640  0.0000E+00  0.0000E+00  0.4800E+02
  14.650  0.0000E+00  0.0000E+00  0.4800E+02
  14.660  0.0000E+00  0.0000E+00  0.4800E+02
  14.670  0.0000E+00  0.0000E+00  0.4800E+02
  14.680  0.0000E+00  0.0000E+00  0.4800E+02
  14.690  0.0000E+00  0.0000E+00  0.4800E+02
  14.700  0.0000E+00  0.0000E+00  0.4800E+02
  14.710  0.0000E+00  0.0000E+00  0.4800E+02
  14.720  0.0000E+00  0.0000E+00  0.4800E+02
  14.730  0.0000E+00  0.0000E+00  0.4800E+02
  14.740  0.0000E+00  0.0000E+00  0.4800E+02
  14.750  0.0000E+00  0.0000E+00  0.4800E+02
  14.760  0.0000E+00  0.0000E+00  0.4800E+02
  14.770  0.0000E+00  0.0000E+00  0.4800E+02
  14.780  0.0000E+00  0.0000E+00  0.4800E+02
  14.790  0.0000E+00  0.0000E+00  0.4800E+02
  14.800  0.0000E+00  0.0000E+00  0.4800E+02
  14.810  0.0000E+00  0.0000E+00  0.4800E+02
  14.820  0.0000E+00  0.0000E+00  0.4800E+02
  14.830  0.0000E+00  0.0000E+00  0.4800E+02
  14.840  0.0000E+00  0.0000E+00  0.4800E+02
  14.850  0.0000E+00  0.0000E+00  0.4800E+02
  14.860  0.0000E+00  0.0000E+00  0.4800E+02
  14.870  0.0000E+00  0.0000E+00  0.4800E+02
  14.880  0.0000E+00  0.0000E+00  0.4800E+02
  14.890  0.0000E+00  0.0000E+00  0.4800E+02
  14.900  0.0000E+00  0.0000E+00  0.4800E+02
  14.910  0.0000E+00  0.0000E+00  0.4800E+02
  14.920  0.0000E+00  0.0000E+00  0.4800E+02
  14.930  0.0000E+00  0.0000E+00  0.4800E+02
  14.940  0.0000E+00  0.0000E+00  0.4800E+02
  14.950  0.0000E+00  0.0000E+00  0.4800E+02
  14.960  0.0000E+00  0.0000E+00  0.4800E+02
  14.970  0.0000E+00  0.0000E+00  0.4800E+02
  14.980  0.0000E+00  0.0000E+00  0.4800E+02
  14.990  0.0000E+00  0.0000E+00  0.4800E+02
  15.000  0.0000E+00  0.0000E+00  0.4800E+02
  15.010  0.0000E+00  0.0000E+00  0.4800E+02
  15.020  0.0000E+00  0.0000E+00  0.4800E+02
  15.030  0.0000E+00  0.0000E+00  0.4800E+02
  15.040  0.0000E+00  0.0000E+00  0.4800E+02
  15.050  0.0000E+00  0.0000E+00  0.4800E+02
  15.060  0.0000E+00  0.0000E+00  0.4800E+02
  15.070  0.0000E+00  0.0000E+00  0.4800E+02
  15.080  0.0000E+00  0.0000E+00  0.4800E+02
  15.090  0.0000E+00  0.0000E+00  0.4800E+02
  15.100  0.0000E+00  0.0000E+00  0.4800E+02
  15.110  0.0000E+00  0.0000E+00  0.4800E+02
  15.120  0.0000E+00  0.0000E+00  0.4800E+02
  15.130  0.0000E+00  0.0000E+00  0.4800E+02
  15.140  0.0000E+00  0.0000E+00  0.4800E+02
  15.150  0.0000E+00  0.0000E+00  0.4800E+02
  15.160  0.0000E+00  0.0000E+00  0.4800E+02
  15.170  0.0000E+00  0.0000E+00  0.4800E+02
  15.180  0.0000E+00  0.0000E+00  0.4800E+02
  15.190  0.0000E+00  0.0000E+00  0.4800E+02
  15.200  0.0000E+00  0.0000E+00  0.4800E+02
  15.210  0.0000E+00  0.0000E+00  0.4800E+02
  15.220  0.0000E+00  0.0000E+00  0.4800E+02
  15.230  0.0000E+00  0.0000E+00  0.4800E+02
  15.240  0.0000E+00  0.0000E+00  0.4800E+02
  15.250  0.0000E+00  0.0000E+00  0.4800E+02
  15.260  0.0000E+00  0.0000E+00  0.4800E+02
  15.270  0.0000E+00  0.0000E+00  0.4800E+02
  15.280  0.0000E+00  0.0000E+00  0.4800E+02
  15.290  0.0000E+00  0.0000E+00  0.4800E+02
  15.300  0.0000E+00  0.0000E+00  0.4800E+02
  15.310  0.0000E+00  0.0000E+00  0.4800E+02
  15.320  0.0000E+00  0.0000E+00  0.4800E+02
  15.330  0.0000E+00  0.0000E+00  0.4800E+02
  15.340  0.0000E+00  0.0000E+00  0.4800E+02
  15.350  0.0000E+00  0.0000E+00  0.4800E+02
  15.360  0.0000E+00  0.0000E+00  0.4800E+02
  15.370  0.0000E+00  0.0000E+00  0.4800E+02
  15.380  0.0000E+00  0.0000E+00  0.4800E+02
  15.390  0.0000E+00  0.0000E+00  0.4800E+02
  15.400  0.0000E+00  0.0000E+00  0.4800E+02
  15.410  0.0000E+00  0.0000E+00  0.4800E+02
  15.420  0.0000E+00  0.0000E+00  0.4800E+02
  15.430  0.0000E+00  0.0000E+00  0.4800E+02
  15.440  0.0000E+00  0.0000E+00  0.4800E+02
  15.450  0.0000E+00  0.0000E+00  0.4800E+02
  15.460  0.0000E+00  0.0000E+00  0.4800E+02
  15.470  0.0000E+00  0.0000E+00  0.4800E+02
  15.480  0.0000E+00  0.0000E+00  0.4800E+02
  15.490  0.0000E+00  0.0000E+00  0.4800E+02
  15.500  0.0000E+00  0.0000E+00  0.4800E+02
  15.510  0.0000E+00  0.0000E+00  0.4800E+02
  15.520  0.0000E+00  0.0000E+00  0.4800E+02
  15.530  0.0000E+00  0.0000E+00  0.4800E+02
  15.540  0.0000E+00  0.0000E+00  0.4800E+02
  15.550  0.0000E+00  0.0000E+00  0.4800E+02
  15.560  0.0000E+00  0.0000E+00  0.4800E+02
  15.570  0.0000E+00  0.0000E+00  0.4800E+02
  15.580  0.0000E+00  0.0000E+00  0.4800E+02
  15.590  0.0000E+00  0.0000E+00  0.4800E+02
  15.600  0.0000E+00  0.0000E+00  0.4800E+02
  15.610  0.0000E+00  0.0000E+00  0.4800E+02
  15.620  0.0000E+00  0.0000E+00  0.4800E+02
  15.630  0.0000E+00  0.0000E+00  0.4800E+02
  15.640  0.0000E+00  0.0000E+00  0.4800E+02
  15.650  0.0000E+00  0.0000E+00  0.4800E+02
  15.660  0.0000E+00  0.0000E+00  0.4800E+02
  15.670  0.0000E+00  0.0000E+00  0.4800E+02
  15.680  0.0000E+00  0.0000E+00  0.4800E+02
  15.690  0.0000E+00  0.0000E+00  0.4800E+02
  15.700  0.0000E+00  0.0000E+00  0.4800E+02
  15.710  0.0000E+00  0.0000E+00  0.4800E+02
  15.720  0.0000E+00  0.0000E+00  0.4800E+02
  15.730  0.0000E+00  0.0000E+00  0.4800E+02
  15.740  0.0000E+00  0.0000E+00  0.4800E+02
  15.750  0.0000E+00  0.0000E+00  0.4800E+02
  15.760  0.0000E+00  0.0000E+00  0.4800E+02
  15.770  0.0000E+00  0.0000E+00  0.4800E+02
  15.780  0.0000E+00  0.0000E+00  0.4800E+02
  15.790  0.0000E+00  0.0000E+00  0.4800E+02
  15.800  0.0000E+00  0.0000E+00  0.4800E+02
  15.810  0.0000E+00  0.0000E+00  0.4800E+02
  15.820  0.0000E+00  0.0000E+00  0.4800E+02
  15.830  0.0000E+00  0.0000E+00  0.4800E+02
  15.840  0.0000E+00  0.0000E+00  0.4800E+02
  15.850  0.0000E+00  0.0000E+00  0.4800E+02
  15.860  0.0000E+00  0.0000E+00  0.4800E+02
  15.870  0.0000E+00  0.0000E+00  0.4800E+02
  15.880  0.0000E+00  0.0000E+00  0.4800E+02
  15.890  0.0000E+00  0.0000E+00  0.4800E+02
  15.900  0.0000E+00  0.0000E+00  0.4800E+02
  15.910  0.0000E+00  0.0000E+00  0.4800E+02
  15.920  0.0000E+00  0.0000E+00  0.4800E+02
  15.930  0.0000E+00  0.0000E+00  0.4800E+02
  15.940  0.0000E+00  0.0000E+00  0.4800E+02
  15.950  0.0000E+00  0.0000E+00  0.4800E+02
  15.960  0.0000E+00  0.0000E+00  0.4800E+02
  15.970  0.0000E+00  0.0000E+00  0.4800E+02
  15.980  0.0000E+00  0.0000E+00  0.4800E+02
  15.990  0.1401E-10  0.1400E-10  0.4800E+02
  16.000  0.2968E-05  0.2968E-05  0.4800E+02
  16.010  0.1185E-04  0.1185E-04  0.4800E+02
  16.020  0.2664E-04  0.2664E-04  0.4800E+02
  16.030  0.4733E-04  0.4733E-04  0.4800E+02
  16.040  0.7394E-04  0.7394E-04  0.4800E+02
  16.050  0.1065E-03  0.1065E-03  0.4800E+02
  16.060  0.1449E-03  0.1449E-03  0.4800E+02
  16.070  0.1892E-03  0.1892E-03  0.4800E+02
  16.080  0.2395E-03  0.2395E-03  0.4800E+02
  16.090  0.2956E-03  0.2956E-03  0.4800E+02
  16.100  0.3577E-03  0.3577E-03  0.4800E+02
  16.110  0.4257E-03  0.4257E-03  0.4800E+02
  16.120  0.4996E-03  0.4996E-03  0.4800E+02
  16.130  0.5794E-03  0.5794E-03  0.4800E+02
  16.140  0.6651E-03  0.6651E-03  0.4800E+02
  16.150  0.7679E-03  0.7679E-03  0.4800E+02
  16.160  0.8997E-03  0.8997E-03  0.4800E+02
  16.170  0.1061E-02  0.1061E-02  0.4800E+02
  16.180  0.1251E-02  0.1251E-02  0.4800E+02
  16.190  0.1470E-02  0.1470E-02  0.4800E+02
  16.200  0.1718E-02  0.1718E-02  0.4800E+02
  16.210  0.1995E-02  0.1995E-02  0.4800E+02
  16.220  0.2301E-02  0.2301E-02  0.4800E+02
  16.230  0.2637E-02  0.2637E-02  0.4800E+02
  16.240  0.3001E-02  0.3001E-02  0.4800E+02
  16.250  0.3394E-02  0.3394E-02  0.4800E+02
  16.260  0.3817E-02  0.3817E-02  0.4800E+02
  16.270  0.4269E-02  0.4269E-02  0.4800E+02
  16.280  0.4749E-02  0.4749E-02  0.4800E+02
  16.290  0.5259E-02  0.5259E-02  0.4800E+02
  16.300  0.5798E-02  0.5798E-02  0.4800E+02
  16.310  0.6366E-02  0.6366E-02  0.4800E+02
  16.320  0.6963E-02  0.6963E-02  0.4800E+02
  16.330  0.7589E-02  0.7589E-02  0.4800E+02
  16.340  0.8244E-02  0.8244E-02  0.4800E+02
  16.350  0.8928E-02  0.8928E-02  0.4800E+02
  16.360  0.9641E-02  0.9641E-02  0.4800E+02
  16.370  0.1038E-01  0.1038E-01  0.4800E+02
  16.380  0.1116E-01  0.1116E-01  0.4800E+02
  16.390  0.1196E-01  0.1196E-01  0.4800E+02
  16.400  0.1279E-01  0.1279E-01  0.4800E+02
  16.410  0.1364E-01  0.1364E-01  0.4800E+02
  16.420  0.1453E-01  0.1453E-01  0.4800E+02
  16.430  0.1545E-01  0.1545E-01  0.4800E+02
  16.440  0.1639E-01  0.1639E-01  0.4800E+02
  16.450  0.1771E-01  0.1771E-01  0.4800E+02
  16.460  0.2357E-01  0.2356E-01  0.4800E+02
  16.470  0.3535E-01  0.3534E-01  0.4801E+02
  16.480  0.5540E-01  0.5539E-01  0.4801E+02
  16.490  0.9209E-01  0.9207E-01  0.4801E+02
  16.500  0.1383E+00  0.1382E+00  0.4801E+02
  16.510  0.1890E+00  0.1890E+00  0.4801E+02
  16.520  0.2419E+00  0.2419E+00  0.4802E+02
  16.530  0.2793E+00  0.2793E+00  0.4802E+02
  16.540  0.3070E+00  0.3070E+00  0.4803E+02
  16.550  0.3523E+00  0.3522E+00  0.4804E+02
  16.560  0.4212E+00  0.4212E+00  0.4804E+02
  16.570  0.4728E+00  0.4728E+00  0.4805E+02
  16.580  0.5360E+00  0.5360E+00  0.4806E+02
  16.590  0.6162E+00  0.6162E+00  0.4807E+02
  16.600  0.6933E+00  0.6933E+00  0.4809E+02
  16.610  0.7635E+00  0.7635E+00  0.4810E+02
  16.620  0.8413E+00  0.8413E+00  0.4812E+02
  16.630  0.9429E+00  0.9429E+00  0.4813E+02
  16.640  0.9470E+00  0.9470E+00  0.4815E+02
  16.650  0.9711E+00  0.9711E+00  0.4817E+02
  16.660  0.1001E+01  0.1001E+01  0.4819E+02
  16.670  0.1030E+01  0.1030E+01  0.4821E+02
  16.680  0.1059E+01  0.1059E+01  0.4823E+02
  16.690  0.1086E+01  0.1086E+01  0.4826E+02
  16.700  0.1103E+01  0.1103E+01  0.4828E+02
  16.710  0.1128E+01  0.1128E+01  0.4830E+02
  16.720  0.1192E+01  0.1192E+01  0.4832E+02
  16.730  0.1214E+01  0.1214E+01  0.4835E+02
  16.740  0.1301E+01  0.1301E+01  0.4837E+02
  16.750  0.1464E+01  0.1464E+01  0.4840E+02
  16.760  0.1713E+01  0.1713E+01  0.4843E+02
  16.770  0.1929E+01  0.1929E+01  0.4847E+02
  16.780  0.2065E+01  0.2065E+01  0.4851E+02
  16.790  0.2141E+01  0.2141E+01  0.4855E+02
  16.800  0.2207E+01  0.2207E+01  0.4859E+02
  16.810  0.2253E+01  0.2253E+01  0.4864E+02
  16.820  0.2290E+01  0.2290E+01  0.4868E+02
  16.830  0.2316E+01  0.2316E+01  0.4873E+02
  16.840  0.2329E+01  0.2329E+01  0.4878E+02
  16.850  0.2352E+01  0.2352E+01  0.4882E+02
  16.860  0.2431E+01  0.2431E+01  0.4887E+02
  16.870  0.2483E+01  0.2483E+01  0.4892E+02
  16.880  0.2538E+01  0.2537E+01  0.4897E+02
  16.890  0.2599E+01  0.2599E+01  0.4902E+02
  16.900  0.2644E+01  0.2644E+01  0.4907E+02
  16.910  0.2690E+01  0.2690E+01  0.4913E+02
  16.920  0.2747E+01  0.2747E+01  0.4918E+02
  16.930  0.2727E+01  0.2727E+01  0.4924E+02
  16.940  0.2697E+01  0.2697E+01  0.4929E+02
  16.950  0.2706E+01  0.2706E+01  0.4934E+02
  16.960  0.2735E+01  0.2735E+01  0.4940E+02
  16.970  0.2769E+01  0.2769E+01  0.4945E+02
  16.980  0.2867E+01  0.2867E+01  0.4951E+02
  16.990  0.3044E+01  0.3044E+01  0.4957E+02
  17.000  0.3308E+01  0.3308E+01  0.4963E+02
  17.010  0.3653E+01  0.3653E+01  0.4970E+02
  17.020  0.4004E+01  0.4004E+01  0.4978E+02
  17.030  0.4014E+01  0.4014E+01  0.4986E+02
  17.040  0.3798E+01  0.3798E+01  0.4994E+02
  17.050  0.3982E+01  0.3982E+01  0.5001E+02
  17.060  0.4218E+01  0.4218E+01  0.5010E+02
  17.070  0.4560E+01  0.4559E+01  0.5018E+02
  17.080  0.4699E+01  0.4699E+01  0.5028E+02
  17.090  0.5470E+01  0.5470E+01  0.5038E+02
  17.100  0.5305E+01  0.5305E+01  0.5049E+02
  17.110  0.5094E+01  0.5094E+01  0.5059E+02
  17.120  0.4797E+01  0.4797E+01  0.5069E+02
  17.130  0.4643E+01  0.4643E+01  0.5078E+02
  17.140  0.4277E+01  0.4277E+01  0.5087E+02
  17.150  0.3819E+01  0.3820E+01  0.5095E+02
  17.160  0.3624E+01  0.3624E+01  0.5103E+02
  17.170  0.3667E+01  0.3667E+01  0.5110E+02
  17.180  0.3485E+01  0.3485E+01  0.5117E+02
  17.190  0.3285E+01  0.3285E+01  0.5124E+02
  17.200  0.3100E+01  0.3100E+01  0.5131E+02
  17.210  0.2898E+01  0.2898E+01  0.5137E+02
  17.220  0.2700E+01  0.2700E+01  0.5142E+02
  17.230  0.2527E+01  0.2527E+01  0.5147E+02
  17.240  0.2368E+01  0.2369E+01  0.5152E+02
  17.250  0.2214E+01  0.2214E+01  0.5157E+02
  17.260  0.2049E+01  0.2049E+01  0.5161E+02
  17.270  0.1949E+01  0.1949E+01  0.5165E+02
  17.280  0.1860E+01  0.1860E+01  0.5169E+02
  17.290  0.1787E+01  0.1787E+01  0.5173E+02
  17.300  0.1733E+01  0.1733E+01  0.5176E+02
  17.310  0.1734E+01  0.1734E+01  0.5180E+02
  17.320  0.1755E+01  0.1755E+01  0.5183E+02
  17.330  0.1696E+01  0.1696E+01  0.5186E+02
  17.340  0.1654E+01  0.1654E+01  0.5190E+02
  17.350  0.1507E+01  0.1507E+01  0.5193E+02
  17.360  0.1324E+01  0.1324E+01  0.5196E+02
  17.370  0.1088E+01  0.1088E+01  0.5198E+02
  17.380  0.7824E+00  0.7825E+00  0.5200E+02
  17.390  0.5249E+00  0.5250E+00  0.5202E+02
  17.400  0.3619E+00  0.3619E+00  0.5202E+02
  17.410  0.2341E+00  0.2341E+00  0.5203E+02
  17.420  0.1353E+00  0.1354E+00  0.5203E+02
  17.430  0.7683E-01  0.7684E-01  0.5204E+02
  17.440  0.6276E-01  0.6277E-01  0.5204E+02
  17.450  0.5559E-01  0.5559E-01  0.5204E+02
  17.460  0.5452E-01  0.5452E-01  0.5204E+02
  17.470  0.5437E-01  0.5437E-01  0.5204E+02
  17.480  0.5423E-01  0.5423E-01  0.5204E+02
  17.490  0.5410E-01  0.5410E-01  0.5204E+02
  17.500  0.5391E-01  0.5391E-01  0.5204E+02
  17.510  0.5365E-01  0.5365E-01  0.5204E+02
  17.520  0.5341E-01  0.5341E-01  0.5205E+02
  17.530  0.5319E-01  0.5319E-01  0.5205E+02
  17.540  0.5300E-01  0.5300E-01  0.5205E+02
  17.550  0.5282E-01  0.5282E-01  0.5205E+02
  17.560  0.5267E-01  0.5267E-01  0.5205E+02
  17.570  0.5254E-01  0.5254E-01  0.5205E+02
  17.580  0.5243E-01  0.5243E-01  0.5205E+02
  17.590  0.5235E-01  0.5235E-01  0.5205E+02
  17.600  0.5228E-01  0.5228E-01  0.5205E+02
  17.610  0.5224E-01  0.5224E-01  0.5206E+02
  17.620  0.5222E-01  0.5222E-01  0.5206E+02
  17.630  0.5222E-01  0.5222E-01  0.5206E+02
  17.640  0.5225E-01  0.5225E-01  0.5206E+02
  17.650  0.5231E-01  0.5231E-01  0.5206E+02
  17.660  0.5239E-01  0.5239E-01  0.5206E+02
  17.670  0.5251E-01  0.5251E-01  0.5206E+02
  17.680  0.5269E-01  0.5269E-01  0.5206E+02
  17.690  0.5293E-01  0.5293E-01  0.5206E+02
  17.700  0.5323E-01  0.5323E-01  0.5206E+02
  17.710  0.5359E-01  0.5359E-01  0.5207E+02
  17.720  0.5402E-01  0.5402E-01  0.5207E+02
  17.730  0.5451E-01  0.5451E-01  0.5207E+02
  17.740  0.5506E-01  0.5506E-01  0.5207E+02
  17.750  0.5568E-01  0.5568E-01  0.5207E+02
  17.760  0.5636E-01  0.5636E-01  0.5207E+02
  17.770  0.5710E-01  0.5710E-01  0.5207E+02
  17.780  0.5791E-01  0.5791E-01  0.5207E+02
  17.790  0.5877E-01  0.5877E-01  0.5207E+02
  17.800  0.5970E-01  0.5970E-01  0.5208E+02
  17.810  0.6070E-01  0.6070E-01  0.5208E+02
  17.820  0.6669E-01  0.6669E-01  0.5208E+02
  17.830  0.7066E-01  0.7066E-01  0.5208E+02
  17.840  0.7221E-01  0.7221E-01  0.5208E+02
  17.850  0.7134E-01  0.7134E-01  0.5208E+02
  17.860  0.6804E-01  0.6804E-01  0.5208E+02
  17.870  0.6232E-01  0.6232E-01  0.5209E+02
  17.880  0.6140E-01  0.6140E-01  0.5209E+02
  17.890  0.6161E-01  0.6161E-01  0.5209E+02
  17.900  0.6183E-01  0.6183E-01  0.5209E+02
  17.910  0.6206E-01  0.6206E-01  0.5209E+02
  17.920  0.6231E-01  0.6231E-01  0.5209E+02
  17.930  0.6256E-01  0.6256E-01  0.5209E+02
  17.940  0.6282E-01  0.6282E-01  0.5209E+02
  17.950  0.6309E-01  0.6309E-01  0.5210E+02
  17.960  0.6338E-01  0.6338E-01  0.5210E+02
  17.970  0.6367E-01  0.6367E-01  0.5210E+02
  17.980  0.6398E-01  0.6398E-01  0.5210E+02
  17.990  0.6429E-01  0.6429E-01  0.5210E+02
  18.000  0.6460E-01  0.6460E-01  0.5210E+02
  18.010  0.6491E-01  0.6491E-01  0.5210E+02
  18.020  0.6523E-01  0.6523E-01  0.5210E+02
  18.030  0.6556E-01  0.6556E-01  0.5211E+02
  18.040  0.6588E-01  0.6588E-01  0.5211E+02
  18.050  0.6621E-01  0.6621E-01  0.5211E+02
  18.060  0.6654E-01  0.6654E-01  0.5211E+02
  18.070  0.6688E-01  0.6688E-01  0.5211E+02
  18.080  0.6722E-01  0.6722E-01  0.5211E+02
  18.090  0.6756E-01  0.6756E-01  0.5211E+02
  18.100  0.6791E-01  0.6791E-01  0.5211E+02
  18.110  0.6826E-01  0.6826E-01  0.5212E+02
  18.120  0.6861E-01  0.6861E-01  0.5212E+02
  18.130  0.6897E-01  0.6897E-01  0.5212E+02
  18.140  0.6933E-01  0.6933E-01  0.5212E+02
  18.150  0.6969E-01  0.6969E-01  0.5212E+02
  18.160  0.7005E-01  0.7005E-01  0.5212E+02
  18.170  0.7042E-01  0.7042E-01  0.5212E+02
  18.180  0.7079E-01  0.7079E-01  0.5213E+02
  18.190  0.7116E-01  0.7116E-01  0.5213E+02
  18.200  0.7153E-01  0.7153E-01  0.5213E+02
  18.210  0.7190E-01  0.7190E-01  0.5213E+02
  18.220  0.7227E-01  0.7227E-01  0.5213E+02
  18.230  0.7265E-01  0.7265E-01  0.5213E+02
  18.240  0.7302E-01  0.7302E-01  0.5213E+02
  18.250  0.7333E-01  0.7333E-01  0.5214E+02
  18.260  0.7366E-01  0.7366E-01  0.5214E+02
  18.270  0.7411E-01  0.7411E-01  0.5214E+02
  18.280  0.7470E-01  0.7470E-01  0.5214E+02
  18.290  0.7541E-01  0.7541E-01  0.5214E+02
  18.300  0.7626E-01  0.7626E-01  0.5214E+02
  18.310  0.7724E-01  0.7724E-01  0.5215E+02
  18.320  0.7835E-01  0.7835E-01  0.5215E+02
  18.330  0.7959E-01  0.7959E-01  0.5215E+02
  18.340  0.8258E-01  0.8258E-01  0.5215E+02
  18.350  0.8580E-01  0.8580E-01  0.5215E+02
  18.360  0.8825E-01  0.8825E-01  0.5215E+02
  18.370  0.8995E-01  0.8995E-01  0.5216E+02
  18.380  0.9089E-01  0.9089E-01  0.5216E+02
  18.390  0.9106E-01  0.9106E-01  0.5216E+02
  18.400  0.9047E-01  0.9047E-01  0.5216E+02
  18.410  0.8912E-01  0.8912E-01  0.5216E+02
  18.420  0.8701E-01  0.8701E-01  0.5216E+02
  18.430  0.8480E-01  0.8480E-01  0.5217E+02
  18.440  0.8520E-01  0.8520E-01  0.5217E+02
  18.450  0.8561E-01  0.8561E-01  0.5217E+02
  18.460  0.8604E-01  0.8604E-01  0.5217E+02
  18.470  0.8647E-01  0.8647E-01  0.5217E+02
  18.480  0.8691E-01  0.8691E-01  0.5217E+02
  18.490  0.8736E-01  0.8736E-01  0.5218E+02
  18.500  0.8783E-01  0.8783E-01  0.5218E+02
  18.510  0.8830E-01  0.8830E-01  0.5218E+02
  18.520  0.8878E-01  0.8878E-01  0.5218E+02
  18.530  0.8926E-01  0.8926E-01  0.5218E+02
  18.540  0.8975E-01  0.8975E-01  0.5218E+02
  18.550  0.9024E-01  0.9024E-01  0.5219E+02
  18.560  0.9073E-01  0.9073E-01  0.5219E+02
  18.570  0.9122E-01  0.9122E-01  0.5219E+02
  18.580  0.9171E-01  0.9171E-01  0.5219E+02
  18.590  0.9221E-01  0.9221E-01  0.5219E+02
  18.600  0.9272E-01  0.9272E-01  0.5220E+02
  18.610  0.9324E-01  0.9324E-01  0.5220E+02
  18.620  0.9376E-01  0.9376E-01  0.5220E+02
  18.630  0.9430E-01  0.9430E-01  0.5220E+02
  18.640  0.9484E-01  0.9484E-01  0.5220E+02
  18.650  0.9539E-01  0.9539E-01  0.5221E+02
  18.660  0.9595E-01  0.9595E-01  0.5221E+02
  18.670  0.9652E-01  0.9652E-01  0.5221E+02
  18.680  0.9709E-01  0.9709E-01  0.5221E+02
  18.690  0.9768E-01  0.9768E-01  0.5221E+02
  18.700  0.9827E-01  0.9827E-01  0.5221E+02
  18.710  0.9887E-01  0.9887E-01  0.5222E+02
  18.720  0.9948E-01  0.9948E-01  0.5222E+02
  18.730  0.1001E+00  0.1001E+00  0.5222E+02
  18.740  0.1006E+00  0.1006E+00  0.5222E+02
  18.750  0.1012E+00  0.1012E+00  0.5222E+02
  18.760  0.1018E+00  0.1018E+00  0.5223E+02
  18.770  0.1025E+00  0.1025E+00  0.5223E+02
  18.780  0.1032E+00  0.1032E+00  0.5223E+02
  18.790  0.1040E+00  0.1040E+00  0.5223E+02
  18.800  0.1049E+00  0.1049E+00  0.5224E+02
  18.810  0.1058E+00  0.1058E+00  0.5224E+02
  18.820  0.1068E+00  0.1068E+00  0.5224E+02
  18.830  0.1078E+00  0.1078E+00  0.5224E+02
  18.840  0.1089E+00  0.1089E+00  0.5224E+02
  18.850  0.1101E+00  0.1101E+00  0.5225E+02
  18.860  0.1113E+00  0.1113E+00  0.5225E+02
  18.870  0.1135E+00  0.1135E+00  0.5225E+02
  18.880  0.1164E+00  0.1164E+00  0.5225E+02
  18.890  0.1188E+00  0.1188E+00  0.5226E+02
  18.900  0.1208E+00  0.1208E+00  0.5226E+02
  18.910  0.1223E+00  0.1223E+00  0.5226E+02
  18.920  0.1233E+00  0.1233E+00  0.5226E+02
  18.930  0.1238E+00  0.1238E+00  0.5226E+02
  18.940  0.1239E+00  0.1239E+00  0.5227E+02
  18.950  0.1235E+00  0.1235E+00  0.5227E+02
  18.960  0.1226E+00  0.1226E+00  0.5227E+02
  18.970  0.1212E+00  0.1212E+00  0.5227E+02
  18.980  0.1211E+00  0.1211E+00  0.5228E+02
  18.990  0.1218E+00  0.1218E+00  0.5228E+02
  19.000  0.1224E+00  0.1224E+00  0.5228E+02
  19.010  0.1231E+00  0.1231E+00  0.5228E+02
  19.020  0.1237E+00  0.1237E+00  0.5229E+02
  19.030  0.1244E+00  0.1244E+00  0.5229E+02
  19.040  0.1251E+00  0.1251E+00  0.5229E+02
  19.050  0.1258E+00  0.1258E+00  0.5229E+02
  19.060  0.1265E+00  0.1265E+00  0.5230E+02
  19.070  0.1272E+00  0.1272E+00  0.5230E+02
  19.080  0.1279E+00  0.1279E+00  0.5230E+02
  19.090  0.1287E+00  0.1287E+00  0.5230E+02
  19.100  0.1294E+00  0.1294E+00  0.5231E+02
  19.110  0.1301E+00  0.1301E+00  0.5231E+02
  19.120  0.1309E+00  0.1309E+00  0.5231E+02
  19.130  0.1317E+00  0.1317E+00  0.5231E+02
  19.140  0.1325E+00  0.1325E+00  0.5232E+02
  19.150  0.1333E+00  0.1333E+00  0.5232E+02
  19.160  0.1341E+00  0.1341E+00  0.5232E+02
  19.170  0.1349E+00  0.1349E+00  0.5233E+02
  19.180  0.1357E+00  0.1357E+00  0.5233E+02
  19.190  0.1365E+00  0.1365E+00  0.5233E+02
  19.200  0.1374E+00  0.1374E+00  0.5233E+02
  19.210  0.1382E+00  0.1382E+00  0.5234E+02
  19.220  0.1391E+00  0.1391E+00  0.5234E+02
  19.230  0.1399E+00  0.1399E+00  0.5234E+02
  19.240  0.1408E+00  0.1408E+00  0.5234E+02
  19.250  0.1416E+00  0.1416E+00  0.5235E+02
  19.260  0.1425E+00  0.1425E+00  0.5235E+02
  19.270  0.1434E+00  0.1434E+00  0.5235E+02
  19.280  0.1444E+00  0.1444E+00  0.5236E+02
  19.290  0.1455E+00  0.1455E+00  0.5236E+02
  19.300  0.1467E+00  0.1467E+00  0.5236E+02
  19.310  0.1480E+00  0.1480E+00  0.5237E+02
  19.320  0.1494E+00  0.1494E+00  0.5237E+02
  19.330  0.1508E+00  0.1508E+00  0.5237E+02
  19.340  0.1524E+00  0.1524E+00  0.5237E+02
  19.350  0.1541E+00  0.1541E+00  0.5238E+02
  19.360  0.1561E+00  0.1561E+00  0.5238E+02
  19.370  0.1598E+00  0.1598E+00  0.5238E+02
  19.380  0.1629E+00  0.1629E+00  0.5239E+02
  19.390  0.1655E+00  0.1655E+00  0.5239E+02
  19.400  0.1675E+00  0.1675E+00  0.5239E+02
  19.410  0.1690E+00  0.1690E+00  0.5240E+02
  19.420  0.1700E+00  0.1700E+00  0.5240E+02
  19.430  0.1704E+00  0.1704E+00  0.5240E+02
  19.440  0.1702E+00  0.1702E+00  0.5241E+02
  19.450  0.1695E+00  0.1695E+00  0.5241E+02
  19.460  0.1683E+00  0.1683E+00  0.5241E+02
  19.470  0.1685E+00  0.1685E+00  0.5242E+02
  19.480  0.1696E+00  0.1696E+00  0.5242E+02
  19.490  0.1708E+00  0.1708E+00  0.5242E+02
  19.500  0.1719E+00  0.1719E+00  0.5243E+02
  19.510  0.1731E+00  0.1731E+00  0.5243E+02
  19.520  0.1742E+00  0.1742E+00  0.5243E+02
  19.530  0.1754E+00  0.1754E+00  0.5244E+02
  19.540  0.1766E+00  0.1766E+00  0.5244E+02
  19.550  0.1779E+00  0.1779E+00  0.5244E+02
  19.560  0.1793E+00  0.1793E+00  0.5245E+02
  19.570  0.1807E+00  0.1807E+00  0.5245E+02
  19.580  0.1821E+00  0.1821E+00  0.5246E+02
  19.590  0.1835E+00  0.1835E+00  0.5246E+02
  19.600  0.1850E+00  0.1850E+00  0.5246E+02
  19.610  0.1865E+00  0.1865E+00  0.5247E+02
  19.620  0.1880E+00  0.1880E+00  0.5247E+02
  19.630  0.1896E+00  0.1896E+00  0.5247E+02
  19.640  0.1912E+00  0.1912E+00  0.5248E+02
  19.650  0.1929E+00  0.1929E+00  0.5248E+02
  19.660  0.1946E+00  0.1946E+00  0.5249E+02
  19.670  0.1963E+00  0.1963E+00  0.5249E+02
  19.680  0.1981E+00  0.1981E+00  0.5249E+02
  19.690  0.1999E+00  0.1999E+00  0.5250E+02
  19.700  0.2018E+00  0.2018E+00  0.5250E+02
  19.710  0.2037E+00  0.2037E+00  0.5251E+02
  19.720  0.2056E+00  0.2056E+00  0.5251E+02
  19.730  0.2077E+00  0.2077E+00  0.5251E+02
  19.740  0.2098E+00  0.2098E+00  0.5252E+02
  19.750  0.2119E+00  0.2119E+00  0.5252E+02
  19.760  0.2141E+00  0.2141E+00  0.5253E+02
  19.770  0.2163E+00  0.2163E+00  0.5253E+02
  19.780  0.2218E+00  0.2218E+00  0.5254E+02
  19.790  0.2271E+00  0.2271E+00  0.5254E+02
  19.800  0.2315E+00  0.2315E+00  0.5254E+02
  19.810  0.2350E+00  0.2350E+00  0.5255E+02
  19.820  0.2377E+00  0.2377E+00  0.5255E+02
  19.830  0.2395E+00  0.2395E+00  0.5256E+02
  19.840  0.2404E+00  0.2404E+00  0.5256E+02
  19.850  0.2404E+00  0.2404E+00  0.5257E+02
  19.860  0.2399E+00  0.2399E+00  0.5257E+02
  19.870  0.2425E+00  0.2425E+00  0.5258E+02
  19.880  0.2451E+00  0.2451E+00  0.5258E+02
  19.890  0.2476E+00  0.2476E+00  0.5259E+02
  19.900  0.2503E+00  0.2503E+00  0.5259E+02
  19.910  0.2531E+00  0.2531E+00  0.5260E+02
  19.920  0.2561E+00  0.2561E+00  0.5260E+02
  19.930  0.2591E+00  0.2591E+00  0.5261E+02
  19.940  0.2622E+00  0.2622E+00  0.5261E+02
  19.950  0.2655E+00  0.2655E+00  0.5262E+02
  19.960  0.2689E+00  0.2689E+00  0.5262E+02
  19.970  0.2724E+00  0.2724E+00  0.5263E+02
  19.980  0.2760E+00  0.2760E+00  0.5263E+02
  19.990  0.2797E+00  0.2797E+00  0.5264E+02
  20.000  0.2835E+00  0.2835E+00  0.5265E+02
  20.010  0.2875E+00  0.2875E+00  0.5265E+02
  20.020  0.2916E+00  0.2916E+00  0.5266E+02
  20.030  0.2959E+00  0.2959E+00  0.5266E+02
  20.040  0.3006E+00  0.3006E+00  0.5267E+02
  20.050  0.3056E+00  0.3056E+00  0.5267E+02
  20.060  0.3108E+00  0.3108E+00  0.5268E+02
  20.070  0.3163E+00  0.3163E+00  0.5269E+02
  20.080  0.3219E+00  0.3219E+00  0.5269E+02
  20.090  0.3336E+00  0.3336E+00  0.5270E+02
  20.100  0.3428E+00  0.3428E+00  0.5271E+02
  20.110  0.3493E+00  0.3493E+00  0.5271E+02
  20.120  0.3530E+00  0.3530E+00  0.5272E+02
  20.130  0.3549E+00  0.3549E+00  0.5273E+02
  20.140  0.3588E+00  0.3588E+00  0.5274E+02
  20.150  0.3614E+00  0.3614E+00  0.5274E+02
  20.160  0.3641E+00  0.3641E+00  0.5275E+02
  20.170  0.3667E+00  0.3667E+00  0.5276E+02
  20.180  0.3694E+00  0.3694E+00  0.5276E+02
  20.190  0.3721E+00  0.3721E+00  0.5277E+02
  20.200  0.3748E+00  0.3748E+00  0.5278E+02
  20.210  0.3775E+00  0.3775E+00  0.5279E+02
  20.220  0.3802E+00  0.3802E+00  0.5279E+02
  20.230  0.3830E+00  0.3830E+00  0.5280E+02
  20.240  0.3857E+00  0.3857E+00  0.5281E+02
  20.250  0.3885E+00  0.3885E+00  0.5282E+02
  20.260  0.3912E+00  0.3912E+00  0.5283E+02
  20.270  0.3861E+00  0.3861E+00  0.5283E+02
  20.280  0.4019E+00  0.4019E+00  0.5284E+02
  20.290  0.3902E+00  0.3902E+00  0.5285E+02
  20.300  0.3814E+00  0.3814E+00  0.5286E+02
  20.310  0.3830E+00  0.3830E+00  0.5286E+02
  20.320  0.3845E+00  0.3845E+00  0.5287E+02
  20.330  0.3861E+00  0.3861E+00  0.5288E+02
  20.340  0.3876E+00  0.3876E+00  0.5289E+02
  20.350  0.3892E+00  0.3892E+00  0.5290E+02
  20.360  0.4524E+00  0.4524E+00  0.5290E+02
  20.370  0.3902E+00  0.3902E+00  0.5291E+02
  20.380  0.3918E+00  0.3918E+00  0.5292E+02
  20.390  0.3917E+00  0.3917E+00  0.5293E+02
  20.400  0.3936E+00  0.3936E+00  0.5294E+02
  20.410  0.3955E+00  0.3955E+00  0.5294E+02
  20.420  0.3974E+00  0.3974E+00  0.5295E+02
  20.430  0.3995E+00  0.3995E+00  0.5296E+02
  20.440  0.4016E+00  0.4016E+00  0.5297E+02
  20.450  0.4038E+00  0.4038E+00  0.5298E+02
  20.460  0.4062E+00  0.4062E+00  0.5298E+02
  20.470  0.4087E+00  0.4087E+00  0.5299E+02
  20.480  0.4113E+00  0.4113E+00  0.5300E+02
  20.490  0.4140E+00  0.4140E+00  0.5301E+02
  20.500  0.4169E+00  0.4169E+00  0.5302E+02
  20.510  0.4200E+00  0.4200E+00  0.5302E+02
  20.520  0.4234E+00  0.4234E+00  0.5303E+02
  20.530  0.4272E+00  0.4272E+00  0.5304E+02
  20.540  0.4313E+00  0.4313E+00  0.5305E+02
  20.550  0.4358E+00  0.4358E+00  0.5306E+02
  20.560  0.4407E+00  0.4407E+00  0.5307E+02
  20.570  0.4459E+00  0.4459E+00  0.5308E+02
  20.580  0.4646E+00  0.4646E+00  0.5309E+02
  20.590  0.4571E+00  0.4571E+00  0.5310E+02
  20.600  0.4526E+00  0.4526E+00  0.5310E+02
  20.610  0.4523E+00  0.4523E+00  0.5311E+02
  20.620  0.4561E+00  0.4561E+00  0.5312E+02
  20.630  0.4621E+00  0.4621E+00  0.5313E+02
  20.640  0.4686E+00  0.4686E+00  0.5314E+02
  20.650  0.4756E+00  0.4756E+00  0.5315E+02
  20.660  0.4830E+00  0.4830E+00  0.5316E+02
  20.670  0.4915E+00  0.4915E+00  0.5317E+02
  20.680  0.5009E+00  0.5009E+00  0.5318E+02
  20.690  0.5110E+00  0.5110E+00  0.5319E+02
  20.700  0.5218E+00  0.5218E+00  0.5320E+02
  20.710  0.5333E+00  0.5333E+00  0.5321E+02
  20.720  0.5565E+00  0.5565E+00  0.5322E+02
  20.730  0.5346E+00  0.5346E+00  0.5323E+02
  20.740  0.5277E+00  0.5277E+00  0.5324E+02
  20.750  0.5347E+00  0.5347E+00  0.5325E+02
  20.760  0.5421E+00  0.5421E+00  0.5326E+02
  20.770  0.5499E+00  0.5499E+00  0.5328E+02
  20.780  0.5582E+00  0.5582E+00  0.5329E+02
  20.790  0.5669E+00  0.5669E+00  0.5330E+02
  20.800  0.5760E+00  0.5760E+00  0.5331E+02
  20.810  0.5856E+00  0.5856E+00  0.5332E+02
  20.820  0.5960E+00  0.5960E+00  0.5333E+02
  20.830  0.6073E+00  0.6073E+00  0.5334E+02
  20.840  0.6183E+00  0.6183E+00  0.5336E+02
  20.850  0.6239E+00  0.6239E+00  0.5337E+02
  20.860  0.6307E+00  0.6307E+00  0.5338E+02
  20.870  0.6386E+00  0.6386E+00  0.5339E+02
  20.880  0.6475E+00  0.6475E+00  0.5341E+02
  20.890  0.6574E+00  0.6574E+00  0.5342E+02
  20.900  0.6637E+00  0.6637E+00  0.5343E+02
  20.910  0.6692E+00  0.6692E+00  0.5345E+02
  20.920  0.6757E+00  0.6757E+00  0.5346E+02
  20.930  0.6831E+00  0.6831E+00  0.5347E+02
  20.940  0.6914E+00  0.6914E+00  0.5349E+02
  20.950  0.7001E+00  0.7001E+00  0.5350E+02
  20.960  0.7032E+00  0.7032E+00  0.5352E+02
  20.970  0.7064E+00  0.7064E+00  0.5353E+02
  20.980  0.7098E+00  0.7098E+00  0.5354E+02
  20.990  0.7132E+00  0.7132E+00  0.5356E+02
  21.000  0.7167E+00  0.7167E+00  0.5357E+02
  21.010  0.7241E+00  0.7241E+00  0.5359E+02
  21.020  0.7431E+00  0.7431E+00  0.5360E+02
  21.030  0.7644E+00  0.7644E+00  0.5362E+02
  21.040  0.7570E+00  0.7570E+00  0.5363E+02
  21.050  0.7504E+00  0.7504E+00  0.5365E+02
  21.060  0.7455E+00  0.7455E+00  0.5366E+02
  21.070  0.7430E+00  0.7430E+00  0.5368E+02
  21.080  0.7349E+00  0.7349E+00  0.5369E+02
  21.090  0.7187E+00  0.7187E+00  0.5371E+02
  21.100  0.7086E+00  0.7086E+00  0.5372E+02
  21.110  0.7070E+00  0.7070E+00  0.5373E+02
  21.120  0.7059E+00  0.7059E+00  0.5375E+02
  21.130  0.7052E+00  0.7052E+00  0.5376E+02
  21.140  0.7051E+00  0.7051E+00  0.5378E+02
  21.150  0.7054E+00  0.7054E+00  0.5379E+02
  21.160  0.6980E+00  0.6980E+00  0.5380E+02
  21.170  0.6972E+00  0.6972E+00  0.5382E+02
  21.180  0.6999E+00  0.6999E+00  0.5383E+02
  21.190  0.6996E+00  0.6996E+00  0.5385E+02
  21.200  0.6994E+00  0.6994E+00  0.5386E+02
  21.210  0.6993E+00  0.6993E+00  0.5387E+02
  21.220  0.6993E+00  0.6993E+00  0.5389E+02
  21.230  0.6993E+00  0.6993E+00  0.5390E+02
  21.240  0.6992E+00  0.6992E+00  0.5392E+02
  21.250  0.6991E+00  0.6991E+00  0.5393E+02
  21.260  0.6990E+00  0.6990E+00  0.5394E+02
  21.270  0.6989E+00  0.6989E+00  0.5396E+02
  21.280  0.6987E+00  0.6987E+00  0.5397E+02
  21.290  0.6985E+00  0.6985E+00  0.5399E+02
  21.300  0.6981E+00  0.6981E+00  0.5400E+02
  21.310  0.6975E+00  0.6975E+00  0.5401E+02
  21.320  0.6967E+00  0.6967E+00  0.5403E+02
  21.330  0.6966E+00  0.6966E+00  0.5404E+02
  21.340  0.6961E+00  0.6961E+00  0.5406E+02
  21.350  0.6925E+00  0.6925E+00  0.5407E+02
  21.360  0.6862E+00  0.6862E+00  0.5408E+02
  21.370  0.6781E+00  0.6781E+00  0.5410E+02
  21.380  0.6733E+00  0.6733E+00  0.5411E+02
  21.390  0.6686E+00  0.6686E+00  0.5412E+02
  21.400  0.6667E+00  0.6667E+00  0.5414E+02
  21.410  0.6655E+00  0.6655E+00  0.5415E+02
  21.420  0.6646E+00  0.6646E+00  0.5416E+02
  21.430  0.6634E+00  0.6634E+00  0.5418E+02
  21.440  0.6623E+00  0.6623E+00  0.5419E+02
  21.450  0.6608E+00  0.6608E+00  0.5420E+02
  21.460  0.6599E+00  0.6599E+00  0.5422E+02
  21.470  0.6597E+00  0.6597E+00  0.5423E+02
  21.480  0.6599E+00  0.6599E+00  0.5424E+02
  21.490  0.6606E+00  0.6606E+00  0.5426E+02
  21.500  0.6617E+00  0.6617E+00  0.5427E+02
  21.510  0.6632E+00  0.6632E+00  0.5428E+02
  21.520  0.6651E+00  0.6651E+00  0.5430E+02
  21.530  0.6673E+00  0.6673E+00  0.5431E+02
  21.540  0.6699E+00  0.6699E+00  0.5432E+02
  21.550  0.6729E+00  0.6729E+00  0.5434E+02
  21.560  0.6768E+00  0.6768E+00  0.5435E+02
  21.570  0.6805E+00  0.6805E+00  0.5436E+02
  21.580  0.6837E+00  0.6837E+00  0.5438E+02
  21.590  0.6855E+00  0.6855E+00  0.5439E+02
  21.600  0.6841E+00  0.6841E+00  0.5441E+02
  21.610  0.6826E+00  0.6826E+00  0.5442E+02
  21.620  0.6811E+00  0.6811E+00  0.5443E+02
  21.630  0.6795E+00  0.6795E+00  0.5445E+02
  21.640  0.6744E+00  0.6744E+00  0.5446E+02
  21.650  0.6646E+00  0.6646E+00  0.5447E+02
  21.660  0.6498E+00  0.6498E+00  0.5449E+02
  21.670  0.6406E+00  0.6406E+00  0.5450E+02
  21.680  0.6334E+00  0.6334E+00  0.5451E+02
  21.690  0.6273E+00  0.6273E+00  0.5452E+02
  21.700  0.6238E+00  0.6238E+00  0.5454E+02
  21.710  0.6224E+00  0.6224E+00  0.5455E+02
  21.720  0.6221E+00  0.6221E+00  0.5456E+02
  21.730  0.6228E+00  0.6228E+00  0.5457E+02
  21.740  0.6204E+00  0.6204E+00  0.5459E+02
  21.750  0.6172E+00  0.6172E+00  0.5460E+02
  21.760  0.6153E+00  0.6153E+00  0.5461E+02
  21.770  0.6148E+00  0.6148E+00  0.5462E+02
  21.780  0.6158E+00  0.6158E+00  0.5464E+02
  21.790  0.6182E+00  0.6182E+00  0.5465E+02
  21.800  0.6220E+00  0.6220E+00  0.5466E+02
  21.810  0.6106E+00  0.6106E+00  0.5467E+02
  21.820  0.5926E+00  0.5926E+00  0.5469E+02
  21.830  0.5863E+00  0.5863E+00  0.5470E+02
  21.840  0.5831E+00  0.5831E+00  0.5471E+02
  21.850  0.5805E+00  0.5805E+00  0.5472E+02
  21.860  0.5786E+00  0.5786E+00  0.5473E+02
  21.870  0.5771E+00  0.5771E+00  0.5474E+02
  21.880  0.5759E+00  0.5759E+00  0.5475E+02
  21.890  0.5749E+00  0.5749E+00  0.5477E+02
  21.900  0.5742E+00  0.5742E+00  0.5478E+02
  21.910  0.5736E+00  0.5736E+00  0.5479E+02
  21.920  0.5731E+00  0.5731E+00  0.5480E+02
  21.930  0.5728E+00  0.5728E+00  0.5481E+02
  21.940  0.5726E+00  0.5726E+00  0.5482E+02
  21.950  0.5717E+00  0.5717E+00  0.5484E+02
  21.960  0.5691E+00  0.5691E+00  0.5485E+02
  21.970  0.5648E+00  0.5648E+00  0.5486E+02
  21.980  0.5604E+00  0.5604E+00  0.5487E+02
  21.990  0.5602E+00  0.5602E+00  0.5488E+02
  22.000  0.5603E+00  0.5603E+00  0.5489E+02
  22.010  0.5607E+00  0.5607E+00  0.5490E+02
  22.020  0.5613E+00  0.5613E+00  0.5491E+02
  22.030  0.5616E+00  0.5616E+00  0.5493E+02
  22.040  0.5619E+00  0.5619E+00  0.5494E+02
  22.050  0.5622E+00  0.5622E+00  0.5495E+02
  22.060  0.5627E+00  0.5627E+00  0.5496E+02
  22.070  0.5631E+00  0.5631E+00  0.5497E+02
  22.080  0.5634E+00  0.5634E+00  0.5498E+02
  22.090  0.5635E+00  0.5635E+00  0.5499E+02
  22.100  0.5636E+00  0.5636E+00  0.5500E+02
  22.110  0.5635E+00  0.5635E+00  0.5502E+02
  22.120  0.5633E+00  0.5633E+00  0.5503E+02
  22.130  0.5631E+00  0.5631E+00  0.5504E+02
  22.140  0.5629E+00  0.5629E+00  0.5505E+02
  22.150  0.5629E+00  0.5629E+00  0.5506E+02
  22.160  0.5632E+00  0.5632E+00  0.5507E+02
  22.170  0.5640E+00  0.5640E+00  0.5508E+02
  22.180  0.5652E+00  0.5652E+00  0.5509E+02
  22.190  0.5668E+00  0.5668E+00  0.5511E+02
  22.200  0.5688E+00  0.5688E+00  0.5512E+02
  22.210  0.5706E+00  0.5706E+00  0.5513E+02
  22.220  0.5587E+00  0.5587E+00  0.5514E+02
  22.230  0.5523E+00  0.5523E+00  0.5515E+02
  22.240  0.5492E+00  0.5492E+00  0.5516E+02
  22.250  0.5474E+00  0.5474E+00  0.5517E+02
  22.260  0.5450E+00  0.5450E+00  0.5518E+02
  22.270  0.5421E+00  0.5421E+00  0.5519E+02
  22.280  0.5390E+00  0.5390E+00  0.5521E+02
  22.290  0.5356E+00  0.5356E+00  0.5522E+02
  22.300  0.5320E+00  0.5320E+00  0.5523E+02
  22.310  0.5296E+00  0.5296E+00  0.5524E+02
  22.320  0.5276E+00  0.5276E+00  0.5525E+02
  22.330  0.5258E+00  0.5258E+00  0.5526E+02
  22.340  0.5243E+00  0.5243E+00  0.5527E+02
  22.350  0.5248E+00  0.5248E+00  0.5528E+02
  22.360  0.5259E+00  0.5259E+00  0.5529E+02
  22.370  0.5270E+00  0.5270E+00  0.5530E+02
  22.380  0.5281E+00  0.5281E+00  0.5531E+02
  22.390  0.5290E+00  0.5290E+00  0.5532E+02
  22.400  0.5299E+00  0.5299E+00  0.5533E+02
  22.410  0.5308E+00  0.5308E+00  0.5534E+02
  22.420  0.5316E+00  0.5316E+00  0.5535E+02
  22.430  0.5323E+00  0.5323E+00  0.5536E+02
  22.440  0.5330E+00  0.5330E+00  0.5537E+02
  22.450  0.5336E+00  0.5336E+00  0.5539E+02
  22.460  0.5345E+00  0.5345E+00  0.5540E+02
  22.470  0.5356E+00  0.5356E+00  0.5541E+02
  22.480  0.5365E+00  0.5365E+00  0.5542E+02
  22.490  0.5373E+00  0.5373E+00  0.5543E+02
  22.500  0.5379E+00  0.5379E+00  0.5544E+02
  22.510  0.5380E+00  0.5380E+00  0.5545E+02
  22.520  0.5306E+00  0.5306E+00  0.5546E+02
  22.530  0.5236E+00  0.5236E+00  0.5547E+02
  22.540  0.5200E+00  0.5200E+00  0.5548E+02
  22.550  0.5174E+00  0.5174E+00  0.5549E+02
  22.560  0.5151E+00  0.5151E+00  0.5550E+02
  22.570  0.5127E+00  0.5127E+00  0.5551E+02
  22.580  0.5102E+00  0.5102E+00  0.5552E+02
  22.590  0.5075E+00  0.5075E+00  0.5553E+02
  22.600  0.5048E+00  0.5048E+00  0.5554E+02
  22.610  0.5019E+00  0.5019E+00  0.5555E+02
  22.620  0.4988E+00  0.4988E+00  0.5556E+02
  22.630  0.4956E+00  0.4956E+00  0.5557E+02
  22.640  0.4924E+00  0.4924E+00  0.5558E+02
  22.650  0.4893E+00  0.4893E+00  0.5559E+02
  22.660  0.4862E+00  0.4862E+00  0.5560E+02
  22.670  0.4831E+00  0.4831E+00  0.5561E+02
  22.680  0.4800E+00  0.4800E+00  0.5562E+02
  22.690  0.4767E+00  0.4767E+00  0.5563E+02
  22.700  0.4734E+00  0.4734E+00  0.5564E+02
  22.710  0.4700E+00  0.4700E+00  0.5565E+02
  22.720  0.4667E+00  0.4667E+00  0.5566E+02
  22.730  0.4633E+00  0.4633E+00  0.5567E+02
  22.740  0.4600E+00  0.4600E+00  0.5568E+02
  22.750  0.4577E+00  0.4577E+00  0.5569E+02
  22.760  0.4560E+00  0.4560E+00  0.5570E+02
  22.770  0.4546E+00  0.4546E+00  0.5571E+02
  22.780  0.4551E+00  0.4551E+00  0.5571E+02
  22.790  0.4657E+00  0.4657E+00  0.5572E+02
  22.800  0.4649E+00  0.4649E+00  0.5573E+02
  22.810  0.4636E+00  0.4636E+00  0.5574E+02
  22.820  0.4616E+00  0.4616E+00  0.5575E+02
  22.830  0.4590E+00  0.4590E+00  0.5576E+02
  22.840  0.4558E+00  0.4558E+00  0.5577E+02
  22.850  0.4520E+00  0.4520E+00  0.5578E+02
  22.860  0.4474E+00  0.4474E+00  0.5579E+02
  22.870  0.4431E+00  0.4431E+00  0.5580E+02
  22.880  0.4385E+00  0.4385E+00  0.5581E+02
  22.890  0.4333E+00  0.4333E+00  0.5581E+02
  22.900  0.4275E+00  0.4275E+00  0.5582E+02
  22.910  0.4210E+00  0.4210E+00  0.5583E+02
  22.920  0.4140E+00  0.4140E+00  0.5584E+02
  22.930  0.4065E+00  0.4065E+00  0.5585E+02
  22.940  0.3987E+00  0.3987E+00  0.5586E+02
  22.950  0.3904E+00  0.3904E+00  0.5586E+02
  22.960  0.3816E+00  0.3816E+00  0.5587E+02
  22.970  0.3714E+00  0.3714E+00  0.5588E+02
  22.980  0.3598E+00  0.3598E+00  0.5589E+02
  22.990  0.3466E+00  0.3466E+00  0.5589E+02
  23.000  0.3340E+00  0.3340E+00  0.5590E+02
  23.010  0.3220E+00  0.3220E+00  0.5591E+02
  23.020  0.3108E+00  0.3108E+00  0.5591E+02
  23.030  0.3002E+00  0.3002E+00  0.5592E+02
  23.040  0.2903E+00  0.2903E+00  0.5593E+02
  23.050  0.2804E+00  0.2804E+00  0.5593E+02
  23.060  0.2699E+00  0.2699E+00  0.5594E+02
  23.070  0.2591E+00  0.2591E+00  0.5594E+02
  23.080  0.2483E+00  0.2483E+00  0.5595E+02
  23.090  0.2378E+00  0.2378E+00  0.5595E+02
  23.100  0.2273E+00  0.2273E+00  0.5596E+02
  23.110  0.2170E+00  0.2170E+00  0.5596E+02
  23.120  0.2061E+00  0.2061E+00  0.5597E+02
  23.130  0.1939E+00  0.1939E+00  0.5597E+02
  23.140  0.1806E+00  0.1806E+00  0.5597E+02
  23.150  0.1660E+00  0.1660E+00  0.5598E+02
  23.160  0.1503E+00  0.1503E+00  0.5598E+02
  23.170  0.1336E+00  0.1336E+00  0.5598E+02
  23.180  0.1171E+00  0.1171E+00  0.5598E+02
  23.190  0.1023E+00  0.1023E+00  0.5599E+02
  23.200  0.8895E-01  0.8895E-01  0.5599E+02
  23.210  0.7709E-01  0.7709E-01  0.5599E+02
  23.220  0.6670E-01  0.6670E-01  0.5599E+02
  23.230  0.5944E-01  0.5944E-01  0.5599E+02
  23.240  0.5335E-01  0.5335E-01  0.5599E+02
  23.250  0.4720E-01  0.4720E-01  0.5600E+02
  23.260  0.4099E-01  0.4099E-01  0.5600E+02
  23.270  0.3473E-01  0.3473E-01  0.5600E+02
  23.280  0.2733E-01  0.2733E-01  0.5600E+02
  23.290  0.2383E-01  0.2383E-01  0.5600E+02
  23.300  0.2041E-01  0.2041E-01  0.5600E+02
  23.310  0.1706E-01  0.1706E-01  0.5600E+02
  23.320  0.1379E-01  0.1379E-01  0.5600E+02
  23.330  0.1059E-01  0.1059E-01  0.5600E+02
  23.340  0.7669E-02  0.7669E-02  0.5600E+02
  23.350  0.5223E-02  0.5223E-02  0.5600E+02
  23.360  0.3254E-02  0.3254E-02  0.5600E+02
  23.370  0.1764E-02  0.1764E-02  0.5600E+02
  23.380  0.7503E-03  0.7503E-03  0.5600E+02
  23.390  0.2147E-03  0.2147E-03  0.5600E+02
  23.400  0.8686E-04  0.8687E-04  0.5600E+02
  23.410  0.3116E-04  0.3116E-04  0.5600E+02
  23.420  0.3399E-05  0.3400E-05  0.5600E+02
  23.430  0.0000E+00  0.0000E+00  0.5600E+02
  23.440  0.0000E+00  0.0000E+00  0.5600E+02
  23.450  0.2459E-04  0.2459E-04  0.5600E+02
  23.460  0.3682E-03  0.3682E-03  0.5600E+02
  23.470  0.1118E-02  0.1118E-02  0.5600E+02
  23.480  0.2273E-02  0.2273E-02  0.5600E+02
  23.490  0.3835E-02  0.3835E-02  0.5600E+02
  23.500  0.5803E-02  0.5803E-02  0.5600E+02
  23.510  0.8176E-02  0.8176E-02  0.5600E+02
  23.520  0.1096E-01  0.1096E-01  0.5600E+02
  23.530  0.1414E-01  0.1414E-01  0.5600E+02
  23.540  0.1774E-01  0.1774E-01  0.5600E+02
  23.550  0.2188E-01  0.2188E-01  0.5600E+02
  23.560  0.2667E-01  0.2667E-01  0.5600E+02
  23.570  0.3209E-01  0.3209E-01  0.5600E+02
  23.580  0.3814E-01  0.3814E-01  0.5600E+02
  23.590  0.4484E-01  0.4484E-01  0.5600E+02
  23.600  0.5219E-01  0.5219E-01  0.5601E+02
  23.610  0.6034E-01  0.6034E-01  0.5601E+02
  23.620  0.6931E-01  0.6931E-01  0.5601E+02
  23.630  0.7910E-01  0.7910E-01  0.5601E+02
  23.640  0.9224E-01  0.9224E-01  0.5601E+02
  23.650  0.1380E+00  0.1380E+00  0.5601E+02
  23.660  0.1641E+00  0.1641E+00  0.5602E+02
  23.670  0.1743E+00  0.1743E+00  0.5602E+02
  23.680  0.1935E+00  0.1935E+00  0.5602E+02
  23.690  0.2168E+00  0.2168E+00  0.5603E+02
  23.700  0.2399E+00  0.2399E+00  0.5603E+02
  23.710  0.2627E+00  0.2627E+00  0.5604E+02
  23.720  0.2861E+00  0.2861E+00  0.5604E+02
  23.730  0.3107E+00  0.3107E+00  0.5605E+02
  23.740  0.3360E+00  0.3360E+00  0.5605E+02
  23.750  0.3591E+00  0.3591E+00  0.5606E+02
  23.760  0.3803E+00  0.3803E+00  0.5607E+02
  23.770  0.4016E+00  0.4016E+00  0.5608E+02
  23.780  0.4231E+00  0.4231E+00  0.5609E+02
  23.790  0.4450E+00  0.4450E+00  0.5609E+02
  23.800  0.4673E+00  0.4673E+00  0.5610E+02
  23.810  0.4898E+00  0.4898E+00  0.5611E+02
  23.820  0.5124E+00  0.5124E+00  0.5612E+02
  23.830  0.5353E+00  0.5353E+00  0.5613E+02
  23.840  0.5583E+00  0.5583E+00  0.5614E+02
  23.850  0.5806E+00  0.5806E+00  0.5616E+02
  23.860  0.6018E+00  0.6018E+00  0.5617E+02
  23.870  0.6289E+00  0.6289E+00  0.5618E+02
  23.880  0.6509E+00  0.6509E+00  0.5619E+02
  23.890  0.6673E+00  0.6673E+00  0.5621E+02
  23.900  0.6811E+00  0.6811E+00  0.5622E+02
  23.910  0.6948E+00  0.6948E+00  0.5623E+02
  23.920  0.7082E+00  0.7082E+00  0.5625E+02
  23.930  0.7216E+00  0.7216E+00  0.5626E+02
  23.940  0.7350E+00  0.7350E+00  0.5628E+02
  23.950  0.7483E+00  0.7483E+00  0.5629E+02
  23.960  0.7620E+00  0.7620E+00  0.5631E+02
  23.970  0.7756E+00  0.7756E+00  0.5632E+02
  23.980  0.7889E+00  0.7889E+00  0.5634E+02
  23.990  0.8019E+00  0.8019E+00  0.5635E+02
  24.000  0.8134E+00  0.8134E+00  0.5637E+02
  24.010  0.8208E+00  0.8208E+00  0.5638E+02
  24.020  0.8270E+00  0.8270E+00  0.5640E+02
  24.030  0.8332E+00  0.8332E+00  0.5642E+02
  24.040  0.8391E+00  0.8391E+00  0.5643E+02
  24.050  0.8451E+00  0.8451E+00  0.5645E+02
  24.060  0.8519E+00  0.8519E+00  0.5647E+02
  24.070  0.8578E+00  0.8578E+00  0.5649E+02
  24.080  0.8672E+00  0.8672E+00  0.5650E+02
  24.090  0.8750E+00  0.8750E+00  0.5652E+02
  24.100  0.8692E+00  0.8692E+00  0.5654E+02
  24.110  0.8648E+00  0.8648E+00  0.5656E+02
  24.120  0.8597E+00  0.8597E+00  0.5657E+02
  24.130  0.8614E+00  0.8614E+00  0.5659E+02
  24.140  0.8648E+00  0.8648E+00  0.5661E+02
  24.150  0.8690E+00  0.8690E+00  0.5662E+02
  24.160  0.8740E+00  0.8740E+00  0.5664E+02
  24.170  0.8788E+00  0.8788E+00  0.5666E+02
  24.180  0.8828E+00  0.8828E+00  0.5668E+02
  24.190  0.8863E+00  0.8863E+00  0.5669E+02
  24.200  0.8892E+00  0.8892E+00  0.5671E+02
  24.210  0.8915E+00  0.8915E+00  0.5673E+02
  24.220  0.8848E+00  0.8848E+00  0.5675E+02
  24.230  0.8869E+00  0.8869E+00  0.5677E+02
  24.240  0.8916E+00  0.8916E+00  0.5678E+02
  24.250  0.8983E+00  0.8983E+00  0.5680E+02
  24.260  0.9030E+00  0.9030E+00  0.5682E+02
  24.270  0.9173E+00  0.9173E+00  0.5684E+02
  24.280  0.9232E+00  0.9232E+00  0.5686E+02
  24.290  0.9305E+00  0.9305E+00  0.5687E+02
  24.300  0.9391E+00  0.9391E+00  0.5689E+02
  24.310  0.9483E+00  0.9483E+00  0.5691E+02
  24.320  0.9577E+00  0.9577E+00  0.5693E+02
  24.330  0.9669E+00  0.9669E+00  0.5695E+02
  24.340  0.9758E+00  0.9758E+00  0.5697E+02
  24.350  0.9845E+00  0.9845E+00  0.5699E+02
  24.360  0.9935E+00  0.9935E+00  0.5701E+02
  24.370  0.1003E+01  0.1003E+01  0.5703E+02
  24.380  0.1012E+01  0.1012E+01  0.5705E+02
  24.390  0.1021E+01  0.1021E+01  0.5707E+02
  24.400  0.1030E+01  0.1030E+01  0.5709E+02
  24.410  0.1040E+01  0.1040E+01  0.5711E+02
  24.420  0.1079E+01  0.1079E+01  0.5713E+02
  24.430  0.1109E+01  0.1109E+01  0.5715E+02
  24.440  0.1130E+01  0.1130E+01  0.5718E+02
  24.450  0.1144E+01  0.1144E+01  0.5720E+02
  24.460  0.1151E+01  0.1151E+01  0.5722E+02
  24.470  0.1154E+01  0.1154E+01  0.5724E+02
  24.480  0.1158E+01  0.1158E+01  0.5727E+02
  24.490  0.1163E+01  0.1163E+01  0.5729E+02
  24.500  0.1169E+01  0.1169E+01  0.5731E+02
  24.510  0.1287E+01  0.1287E+01  0.5734E+02
  24.520  0.1181E+01  0.1181E+01  0.5736E+02
  24.530  0.1191E+01  0.1191E+01  0.5739E+02
  24.540  0.1203E+01  0.1203E+01  0.5741E+02
  24.550  0.1214E+01  0.1214E+01  0.5743E+02
  24.560  0.1224E+01  0.1224E+01  0.5746E+02
  24.570  0.1261E+01  0.1261E+01  0.5748E+02
  24.580  0.1253E+01  0.1253E+01  0.5751E+02
  24.590  0.1222E+01  0.1222E+01  0.5753E+02
  24.600  0.1200E+01  0.1200E+01  0.5756E+02
  24.610  0.1177E+01  0.1177E+01  0.5758E+02
  24.620  0.1161E+01  0.1161E+01  0.5760E+02
  24.630  0.1152E+01  0.1152E+01  0.5763E+02
  24.640  0.1145E+01  0.1145E+01  0.5765E+02
  24.650  0.1138E+01  0.1138E+01  0.5767E+02
  24.660  0.1130E+01  0.1130E+01  0.5770E+02
  24.670  0.1118E+01  0.1118E+01  0.5772E+02
  24.680  0.1105E+01  0.1105E+01  0.5774E+02
  24.690  0.1093E+01  0.1093E+01  0.5776E+02
  24.700  0.1082E+01  0.1082E+01  0.5778E+02
  24.710  0.1085E+01  0.1085E+01  0.5781E+02
  24.720  0.1093E+01  0.1093E+01  0.5783E+02
  24.730  0.1089E+01  0.1089E+01  0.5785E+02
  24.740  0.1082E+01  0.1082E+01  0.5787E+02
  24.750  0.1076E+01  0.1076E+01  0.5789E+02
  24.760  0.1054E+01  0.1054E+01  0.5791E+02
  24.770  0.1033E+01  0.1033E+01  0.5794E+02
  24.780  0.1030E+01  0.1030E+01  0.5796E+02
  24.790  0.1022E+01  0.1022E+01  0.5798E+02
  24.800  0.1010E+01  0.1010E+01  0.5800E+02
  24.810  0.9958E+00  0.9958E+00  0.5802E+02
  24.820  0.9788E+00  0.9788E+00  0.5804E+02
  24.830  0.9587E+00  0.9587E+00  0.5806E+02
  24.840  0.9361E+00  0.9361E+00  0.5807E+02
  24.850  0.9129E+00  0.9129E+00  0.5809E+02
  24.860  0.8945E+00  0.8945E+00  0.5811E+02
  24.870  0.8807E+00  0.8807E+00  0.5813E+02
  24.880  0.8774E+00  0.8774E+00  0.5815E+02
  24.890  0.8757E+00  0.8757E+00  0.5816E+02
  24.900  0.8757E+00  0.8757E+00  0.5818E+02
  24.910  0.8773E+00  0.8773E+00  0.5820E+02
  24.920  0.8806E+00  0.8806E+00  0.5822E+02
  24.930  0.8861E+00  0.8861E+00  0.5823E+02
  24.940  0.8935E+00  0.8935E+00  0.5825E+02
  24.950  0.9015E+00  0.9015E+00  0.5827E+02
  24.960  0.9112E+00  0.9112E+00  0.5829E+02
  24.970  0.9284E+00  0.9284E+00  0.5831E+02
  24.980  0.9471E+00  0.9471E+00  0.5833E+02
  24.990  0.9635E+00  0.9635E+00  0.5834E+02
  25.000  0.9773E+00  0.9773E+00  0.5836E+02
