 &plot nbnd=   8, nks=    91 /
            0.000000  0.000000  0.000000
  -21.880   -9.973   -5.400   -5.400    0.850    1.517    1.646    2.656
           -0.011086  0.019201  0.000000
  -21.871   -9.962   -5.437   -5.420    0.862    1.529    1.658    2.668
           -0.022171  0.038402  0.000000
  -21.845   -9.931   -5.544   -5.478    0.897    1.565    1.694    2.704
           -0.033257  0.057602  0.000000
  -21.801   -9.879   -5.717   -5.573    0.957    1.625    1.755    2.764
           -0.044342  0.076803  0.000000
  -21.740   -9.806   -5.949   -5.704    1.040    1.710    1.840    2.849
           -0.055428  0.096004  0.000000
  -21.662   -9.712   -6.229   -5.870    1.148    1.819    1.950    2.957
           -0.066513  0.115205  0.000000
  -21.566   -9.597   -6.549   -6.067    1.279    1.952    2.084    3.089
           -0.077599  0.134405  0.000000
  -21.452   -9.462   -6.901   -6.294    1.434    2.109    2.242    3.246
           -0.088684  0.153606  0.000000
  -21.322   -9.307   -7.277   -6.547    1.613    2.290    2.424    3.426
           -0.099770  0.172807  0.000000
  -21.174   -9.132   -7.669   -6.822    1.815    2.495    2.631    3.630
           -0.110856  0.192008  0.000000
  -21.009   -8.937   -8.073   -7.117    2.042    2.724    2.862    3.858
           -0.121941  0.211208  0.000000
  -20.827   -8.723   -8.484   -7.428    2.292    2.976    3.118    4.110
           -0.133027  0.230409  0.000000
  -20.629   -8.898   -8.490   -7.753    2.566    3.253    3.398    4.385
           -0.144112  0.249610  0.000000
  -20.414   -9.311   -8.238   -8.088    2.863    3.553    3.702    4.684
           -0.155198  0.268811  0.000000
  -20.182   -9.723   -8.431   -7.969    3.184    3.877    4.030    4.529
           -0.166283  0.288011  0.000000
  -19.934  -10.129   -8.779   -7.682    3.528    4.033    4.224    4.383
           -0.177369  0.307212  0.000000
  -19.670  -10.529   -9.129   -7.379    3.537    3.896    4.593    4.760
           -0.188455  0.326413  0.000000
  -19.391  -10.921   -9.480   -7.060    3.043    4.287    4.985    5.162
           -0.199540  0.345614  0.000000
  -19.096  -11.304   -9.828   -6.727    2.555    4.701    5.399    5.587
           -0.210626  0.364814  0.000000
  -18.787  -11.677  -10.172   -6.381    2.074    5.137    5.832    6.037
           -0.221711  0.384015  0.000000
  -18.463  -12.040  -10.511   -6.023    1.602    5.595    6.283    6.511
           -0.232797  0.403216  0.000000
  -18.127  -12.390  -10.842   -5.654    1.141    6.075    6.747    7.009
           -0.243882  0.422417  0.000000
  -17.777  -12.729  -11.163   -5.278    0.692    6.576    7.215    7.531
           -0.254968  0.441617  0.000000
  -17.417  -13.055  -11.473   -4.896    0.256    7.096    7.666    8.077
           -0.266053  0.460818  0.000000
  -17.047  -13.368  -11.769   -4.511   -0.166    7.634    8.054    8.647
           -0.277139  0.480019  0.000000
  -16.670  -13.668  -12.048   -4.126   -0.572    8.186    8.307    9.240
           -0.288225  0.499220  0.000000
  -16.291  -13.954  -12.306   -3.745   -0.962    8.396    8.747    9.855
           -0.299310  0.518420  0.000000
  -15.915  -14.227  -12.537   -3.372   -1.335    8.382    9.304   10.489
           -0.310396  0.537621  0.000000
  -15.554  -14.485  -12.730   -3.012   -1.690    8.332    9.835   10.668
           -0.321481  0.556822  0.000000
  -15.225  -14.729  -12.868   -2.668   -2.027    8.288   10.282   10.623
           -0.332567  0.576023  0.000000
  -14.959  -14.959  -12.922   -2.346   -2.346    8.270   10.531   10.531
           -0.321481  0.576023  0.000000
  -15.069  -14.861  -12.907   -2.499   -2.195    8.275   10.470   10.555
           -0.310396  0.576023  0.000000
  -15.175  -14.790  -12.859   -2.646   -2.050    8.291   10.400   10.524
           -0.299310  0.576023  0.000000
  -15.277  -14.748  -12.777   -2.789   -1.914    8.317   10.324   10.456
           -0.288225  0.576023  0.000000
  -15.376  -14.732  -12.665   -2.927   -1.784    8.354   10.241   10.360
           -0.277139  0.576023  0.000000
  -15.471  -14.737  -12.528   -3.059   -1.663    8.403   10.155   10.238
           -0.266053  0.576023  0.000000
  -15.562  -14.759  -12.369   -3.187   -1.551    8.462   10.066   10.080
           -0.254968  0.576023  0.000000
  -15.649  -14.794  -12.195   -3.311   -1.446    8.531    9.879    9.976
           -0.243882  0.576023  0.000000
  -15.733  -14.837  -12.009   -3.428   -1.350    8.608    9.637    9.885
           -0.232797  0.576023  0.000000
  -15.814  -14.886  -11.815   -3.541   -1.262    8.694    9.367    9.795
           -0.221711  0.576023  0.000000
  -15.890  -14.938  -11.615   -3.649   -1.182    8.785    9.079    9.706
           -0.210626  0.576023  0.000000
  -15.963  -14.992  -11.412   -3.752   -1.110    8.782    8.879    9.619
           -0.199540  0.576023  0.000000
  -16.032  -15.046  -11.207   -3.849   -1.046    8.481    8.975    9.534
           -0.188455  0.576023  0.000000
  -16.098  -15.099  -11.002   -3.942   -0.989    8.181    9.070    9.453
           -0.177369  0.576023  0.000000
  -16.159  -15.152  -10.798   -4.029   -0.938    7.883    9.161    9.375
           -0.166283  0.576023  0.000000
  -16.217  -15.202  -10.598   -4.111   -0.893    7.590    9.244    9.300
           -0.155198  0.576023  0.000000
  -16.272  -15.251  -10.401   -4.188   -0.854    7.306    9.229    9.318
           -0.144112  0.576023  0.000000
  -16.322  -15.297  -10.210   -4.260   -0.820    7.030    9.163    9.337
           -0.133027  0.576023  0.000000
  -16.369  -15.341  -10.025   -4.326   -0.791    6.766    9.101    9.270
           -0.121941  0.576023  0.000000
  -16.412  -15.381   -9.848   -4.387   -0.766    6.515    9.043    9.207
           -0.110856  0.576023  0.000000
  -16.451  -15.419   -9.680   -4.443   -0.745    6.278    8.990    9.150
           -0.099770  0.576023  0.000000
  -16.487  -15.453   -9.523   -4.493   -0.727    6.058    8.942    9.098
           -0.088684  0.576023  0.000000
  -16.519  -15.484   -9.377   -4.539   -0.713    5.856    8.899    9.052
           -0.077599  0.576023  0.000000
  -16.547  -15.511   -9.245   -4.579   -0.700    5.673    8.860    9.011
           -0.066513  0.576023  0.000000
  -16.571  -15.535   -9.127   -4.613   -0.690    5.511    8.827    8.975
           -0.055428  0.576023  0.000000
  -16.592  -15.555   -9.025   -4.643   -0.682    5.371    8.798    8.945
           -0.044342  0.576023  0.000000
  -16.609  -15.572   -8.939   -4.667   -0.676    5.254    8.775    8.920
           -0.033257  0.576023  0.000000
  -16.622  -15.585   -8.872   -4.685   -0.672    5.163    8.757    8.901
           -0.022171  0.576023  0.000000
  -16.631  -15.594   -8.823   -4.699   -0.669    5.097    8.744    8.887
           -0.011086  0.576023  0.000000
  -16.637  -15.599   -8.793   -4.707   -0.667    5.057    8.736    8.879
            0.000000  0.576023  0.000000
  -16.639  -15.601   -8.784   -4.709   -0.666    5.043    8.733    8.876
            0.000000  0.556822  0.000000
  -16.751  -15.479   -8.777   -4.752   -0.613    5.046    8.293    9.065
            0.000000  0.537621  0.000000
  -17.000  -15.201   -8.757   -4.875   -0.459    5.056    7.803    8.569
            0.000000  0.518420  0.000000
  -17.293  -14.859   -8.725   -5.061   -0.222    5.073    7.326    8.084
            0.000000  0.499220  0.000000
  -17.598  -14.487   -8.679   -5.293    0.080    5.095    6.864    7.615
            0.000000  0.480019  0.000000
  -17.901  -14.096   -8.621   -5.553    0.431    5.122    6.420    7.161
            0.000000  0.460818  0.000000
  -18.199  -13.693   -8.550   -5.831    0.818    5.153    5.994    6.724
            0.000000  0.441617  0.000000
  -18.488  -13.279   -8.467   -6.118    1.232    5.177    5.597    6.303
            0.000000  0.422417  0.000000
  -18.768  -12.857   -8.372   -6.407    1.664    5.089    5.334    5.900
            0.000000  0.403216  0.000000
  -19.038  -12.429   -8.265   -6.694    2.110    4.761    5.330    5.515
            0.000000  0.384015  0.000000
  -19.297  -11.995   -8.147   -6.975    2.565    4.407    5.148    5.275
            0.000000  0.364814  0.000000
  -19.544  -11.557   -8.019   -7.250    3.024    4.065    4.800    4.936
            0.000000  0.345614  0.000000
  -19.780  -11.116   -7.880   -7.515    3.479    3.738    4.475    4.600
            0.000000  0.326413  0.000000
  -20.004  -10.674   -7.770   -7.733    3.427    3.880    4.219    4.282
            0.000000  0.307212  0.000000
  -20.216  -10.231   -8.013   -7.577    3.134    3.805    3.981    4.441
            0.000000  0.288011  0.000000
  -20.415   -9.791   -8.243   -7.413    2.858    3.543    3.698    4.632
            0.000000  0.268811  0.000000
  -20.603   -9.354   -8.461   -7.243    2.600    3.286    3.434    4.412
            0.000000  0.249610  0.000000
  -20.778   -8.923   -8.666   -7.069    2.359    3.044    3.188    4.176
            0.000000  0.230409  0.000000
  -20.940   -8.856   -8.500   -6.891    2.136    2.819    2.960    3.953
            0.000000  0.211208  0.000000
  -21.089   -9.032   -8.088   -6.711    1.931    2.612    2.750    3.747
            0.000000  0.192008  0.000000
  -21.226   -9.194   -7.691   -6.532    1.743    2.422    2.558    3.558
            0.000000  0.172807  0.000000
  -21.350   -9.341   -7.311   -6.356    1.574    2.250    2.385    3.387
            0.000000  0.153606  0.000000
  -21.461   -9.473   -6.953   -6.186    1.422    2.097    2.230    3.234
            0.000000  0.134405  0.000000
  -21.559   -9.589   -6.620   -6.024    1.288    1.961    2.093    3.098
            0.000000  0.115205  0.000000
  -21.644   -9.691   -6.318   -5.874    1.171    1.843    1.974    2.981
            0.000000  0.096004  0.000000
  -21.716   -9.777   -6.051   -5.739    1.073    1.743    1.874    2.882
            0.000000  0.076803  0.000000
  -21.775   -9.847   -5.825   -5.623    0.993    1.662    1.792    2.800
            0.000000  0.057602  0.000000
  -21.821   -9.902   -5.643   -5.528    0.930    1.598    1.728    2.737
            0.000000  0.038402  0.000000
  -21.854   -9.941   -5.509   -5.458    0.885    1.553    1.682    2.692
            0.000000  0.019201  0.000000
  -21.874   -9.965   -5.428   -5.415    0.859    1.526    1.655    2.665
            0.000000  0.000000  0.000000
  -21.880   -9.973   -5.400   -5.400    0.850    1.517    1.646    2.656
